0 810.7 0.8860923321955576 1.0509117937215238 15.2509765625 0.461181640625 0 0
10 878.8 147.80273562515103 336.545882167095 1098.035888671875 0.461181640625 0.8860923321955576 8107
20 296.2 490.0906472215778 693.2994367237754 3078.635009765625 0.461181640625 77.30535609416611 16895
30 2 350.55694580078125 909.8609975843322 3078.635009765625 0.461181640625 138.8791100509266 19857
40 2 550.6743408203125 1071.6953263335129 3078.635009765625 0.461181640625 139.09209776109398 19877
50 2.2 8652.800703568892 5592.427971952231 15031.39794921875 0.461181640625 139.5058106254044 19897
60 1.8 17056.82834201389 8239.926427949842 31080.93505859375 0.461181640625 148.90851596426464 19919
70 1.8 31071.229600694445 6.784402001567184 31080.93505859375 0.461181640625 164.1737292294948 19937
80 1.8 39985.93211534288 14367.60339904711 63165.466796875 0.461181640625 192.05280743978642 19955
90 1.9 63152.08719675164 10.112870645044238 63165.63818359375 0.461181640625 227.915713740405 19973
100 1.9 63152.92280016447 11.046255702925952 63169.52294921875 0.461181640625 287.71759740273063 19992
110 1.8 63175.0338406033 112.01717397017467 63608.655029296875 0.461181640625 347.4067133315934 20011
120 0.8 63131.347259521484 44.277761317032756 63608.655029296875 0.461181640625 403.8697064061797 20029
130 0 0 0 63608.655029296875 0.461181640625 428.9143648093799 20037
140 0 0 0 63608.655029296875 0.461181640625 428.9143648093799 20037
150 0.6 1.5454915364583333 0.9710392889039957 63608.655029296875 0.461181640625 428.9143648093799 20037
160 1.8 1.4757486979166667 0.17335491562629463 63608.655029296875 0.461181640625 428.78642920893896 20043
170 2.2 2733.769209428267 856.9103337472059 63608.655029296875 0.461181640625 428.4030189976236 20061
180 0.6 4404.138997395833 1636.9697275503138 63608.655029296875 0.461181640625 430.92844130452363 20083
190 0.8 8808.601776123047 5119.604504629358 63608.655029296875 0.461181640625 432.11512373453746 20089
200 0 0 0 63608.655029296875 0.461181640625 435.44954644534545 20097
210 0 0 0 63608.655029296875 0.461181640625 435.44954644534545 20097
220 0 0 0 63608.655029296875 0.461181640625 435.44954644534545 20097
230 0 0 0 63608.655029296875 0.461181640625 435.44954644534545 20097
240 0 0 0 63608.655029296875 0.461181640625 435.44954644534545 20097
250 0 0 0 63608.655029296875 0.461181640625 435.44954644534545 20097
260 0 0 0 63608.655029296875 0.461181640625 435.44954644534545 20097
270 0 0 0 63608.655029296875 0.461181640625 435.44954644534545 20097
280 0 0 0 63608.655029296875 0.461181640625 435.44954644534545 20097
290 0 0 0 63608.655029296875 0.461181640625 435.44954644534545 20097
300 0 0 0 63608.655029296875 0.461181640625 435.44954644534545 20097
310 0 0 0 63608.655029296875 0.461181640625 435.44954644534545 20097
320 0 0 0 63608.655029296875 0.461181640625 435.44954644534545 20097
330 0 0 0 63608.655029296875 0.461181640625 435.44954644534545 20097
340 0 0 0 63608.655029296875 0.461181640625 435.44954644534545 20097
350 0 0 0 63608.655029296875 0.461181640625 435.44954644534545 20097
360 0 0 0 63608.655029296875 0.461181640625 435.44954644534545 20097
370 0 0 0 63608.655029296875 0.461181640625 435.44954644534545 20097
380 0 0 0 63608.655029296875 0.461181640625 435.44954644534545 20097
390 0 0 0 63608.655029296875 0.461181640625 435.44954644534545 20097
400 0 0 0 63608.655029296875 0.461181640625 435.44954644534545 20097
410 0 0 0 63608.655029296875 0.461181640625 435.44954644534545 20097
420 0 0 0 63608.655029296875 0.461181640625 435.44954644534545 20097
430 0 0 0 63608.655029296875 0.461181640625 435.44954644534545 20097
440 0 0 0 63608.655029296875 0.461181640625 435.44954644534545 20097
450 0 0 0 63608.655029296875 0.461181640625 435.44954644534545 20097
460 0 0 0 63608.655029296875 0.461181640625 435.44954644534545 20097
470 0 0 0 63608.655029296875 0.461181640625 435.44954644534545 20097
480 0 0 0 63608.655029296875 0.461181640625 435.44954644534545 20097
490 0 0 0 63608.655029296875 0.461181640625 435.44954644534545 20097
500 0 0 0 63608.655029296875 0.461181640625 435.44954644534545 20097
510 0 0 0 63608.655029296875 0.461181640625 435.44954644534545 20097
520 0 0 0 63608.655029296875 0.461181640625 435.44954644534545 20097
530 0 0 0 63608.655029296875 0.461181640625 435.44954644534545 20097
540 0 0 0 63608.655029296875 0.461181640625 435.44954644534545 20097
550 0 0 0 63608.655029296875 0.461181640625 435.44954644534545 20097
560 0 0 0 63608.655029296875 0.461181640625 435.44954644534545 20097
570 0 0 0 63608.655029296875 0.461181640625 435.44954644534545 20097
580 0 0 0 63608.655029296875 0.461181640625 435.44954644534545 20097
590 0 0 0 63608.655029296875 0.461181640625 435.44954644534545 20097
600 0 0 0 63608.655029296875 0.461181640625 435.44954644534545 20097
610 0 0 0 63608.655029296875 0.461181640625 435.44954644534545 20097
620 0 0 0 63608.655029296875 0.461181640625 435.44954644534545 20097
630 0 0 0 63608.655029296875 0.461181640625 435.44954644534545 20097
640 0 0 0 63608.655029296875 0.461181640625 435.44954644534545 20097
650 0 0 0 63608.655029296875 0.461181640625 435.44954644534545 20097
660 0 0 0 63608.655029296875 0.461181640625 435.44954644534545 20097
670 0 0 0 63608.655029296875 0.461181640625 435.44954644534545 20097
680 0 0 0 63608.655029296875 0.461181640625 435.44954644534545 20097
690 0 0 0 63608.655029296875 0.461181640625 435.44954644534545 20097
700 0 0 0 63608.655029296875 0.461181640625 435.44954644534545 20097
710 0 0 0 63608.655029296875 0.461181640625 435.44954644534545 20097
720 0 0 0 63608.655029296875 0.461181640625 435.44954644534545 20097
730 0 0 0 63608.655029296875 0.461181640625 435.44954644534545 20097
740 0 0 0 63608.655029296875 0.461181640625 435.44954644534545 20097
750 0 0 0 63608.655029296875 0.461181640625 435.44954644534545 20097
760 0 0 0 63608.655029296875 0.461181640625 435.44954644534545 20097
770 0 0 0 63608.655029296875 0.461181640625 435.44954644534545 20097
780 0 0 0 63608.655029296875 0.461181640625 435.44954644534545 20097
790 0 0 0 63608.655029296875 0.461181640625 435.44954644534545 20097
800 0 0 0 63608.655029296875 0.461181640625 435.44954644534545 20097
810 0 0 0 63608.655029296875 0.461181640625 435.44954644534545 20097
820 0 0 0 63608.655029296875 0.461181640625 435.44954644534545 20097
830 0 0 0 63608.655029296875 0.461181640625 435.44954644534545 20097
840 0 0 0 63608.655029296875 0.461181640625 435.44954644534545 20097
850 0 0 0 63608.655029296875 0.461181640625 435.44954644534545 20097
860 0 0 0 63608.655029296875 0.461181640625 435.44954644534545 20097
870 0 0 0 63608.655029296875 0.461181640625 435.44954644534545 20097
880 0 0 0 63608.655029296875 0.461181640625 435.44954644534545 20097
890 0 0 0 63608.655029296875 0.461181640625 435.44954644534545 20097
900 0 0 0 63608.655029296875 0.461181640625 435.44954644534545 20097
910 0 0 0 63608.655029296875 0.461181640625 435.44954644534545 20097
920 0 0 0 63608.655029296875 0.461181640625 435.44954644534545 20097
930 0 0 0 63608.655029296875 0.461181640625 435.44954644534545 20097
940 0 0 0 63608.655029296875 0.461181640625 435.44954644534545 20097
950 0 0 0 63608.655029296875 0.461181640625 435.44954644534545 20097
960 0 0 0 63608.655029296875 0.461181640625 435.44954644534545 20097
970 0 0 0 63608.655029296875 0.461181640625 435.44954644534545 20097
980 0 0 0 63608.655029296875 0.461181640625 435.44954644534545 20097
990 0 0 0 63608.655029296875 0.461181640625 435.44954644534545 20097
1000 0 0 0 63608.655029296875 0.461181640625 435.44954644534545 20097
1010 0 0 0 63608.655029296875 0.461181640625 435.44954644534545 20097
1020 0 0 0 63608.655029296875 0.461181640625 435.44954644534545 20097
1030 0 0 0 63608.655029296875 0.461181640625 435.44954644534545 20097
1040 0 0 0 63608.655029296875 0.461181640625 435.44954644534545 20097
1050 0 0 0 63608.655029296875 0.461181640625 435.44954644534545 20097
1060 0 0 0 63608.655029296875 0.461181640625 435.44954644534545 20097
1070 0 0 0 63608.655029296875 0.461181640625 435.44954644534545 20097
1080 0 0 0 63608.655029296875 0.461181640625 435.44954644534545 20097
1090 0 0 0 63608.655029296875 0.461181640625 435.44954644534545 20097
1100 0 0 0 63608.655029296875 0.461181640625 435.44954644534545 20097
1110 0 0 0 63608.655029296875 0.461181640625 435.44954644534545 20097
1120 0 0 0 63608.655029296875 0.461181640625 435.44954644534545 20097
1130 0 0 0 63608.655029296875 0.461181640625 435.44954644534545 20097
1140 0 0 0 63608.655029296875 0.461181640625 435.44954644534545 20097
1150 0 0 0 63608.655029296875 0.461181640625 435.44954644534545 20097
1160 0 0 0 63608.655029296875 0.461181640625 435.44954644534545 20097
1170 0 0 0 63608.655029296875 0.461181640625 435.44954644534545 20097
1180 0 0 0 63608.655029296875 0.461181640625 435.44954644534545 20097
1190 0 0 0 63608.655029296875 0.461181640625 435.44954644534545 20097
1200 0 0 0 63608.655029296875 0.461181640625 435.44954644534545 20097
1210 0 0 0 63608.655029296875 0.461181640625 435.44954644534545 20097
1220 0 0 0 63608.655029296875 0.461181640625 435.44954644534545 20097
1230 0 0 0 63608.655029296875 0.461181640625 435.44954644534545 20097
1240 0 0 0 63608.655029296875 0.461181640625 435.44954644534545 20097
1250 0 0 0 63608.655029296875 0.461181640625 435.44954644534545 20097
1260 0 0 0 63608.655029296875 0.461181640625 435.44954644534545 20097
1270 0 0 0 63608.655029296875 0.461181640625 435.44954644534545 20097
1280 0 0 0 63608.655029296875 0.461181640625 435.44954644534545 20097
1290 0 0 0 63608.655029296875 0.461181640625 435.44954644534545 20097
1300 0 0 0 63608.655029296875 0.461181640625 435.44954644534545 20097
1310 0 0 0 63608.655029296875 0.461181640625 435.44954644534545 20097
1320 0 0 0 63608.655029296875 0.461181640625 435.44954644534545 20097
1330 0 0 0 63608.655029296875 0.461181640625 435.44954644534545 20097
1340 0 0 0 63608.655029296875 0.461181640625 435.44954644534545 20097
1350 0 0 0 63608.655029296875 0.461181640625 435.44954644534545 20097
1360 0 0 0 63608.655029296875 0.461181640625 435.44954644534545 20097
1370 0 0 0 63608.655029296875 0.461181640625 435.44954644534545 20097
1380 0 0 0 63608.655029296875 0.461181640625 435.44954644534545 20097
1390 0 0 0 63608.655029296875 0.461181640625 435.44954644534545 20097
1400 0 0 0 63608.655029296875 0.461181640625 435.44954644534545 20097
1410 0 0 0 63608.655029296875 0.461181640625 435.44954644534545 20097
1420 0 0 0 63608.655029296875 0.461181640625 435.44954644534545 20097
1430 0 0 0 63608.655029296875 0.461181640625 435.44954644534545 20097
1440 0 0 0 63608.655029296875 0.461181640625 435.44954644534545 20097
1450 0 0 0 63608.655029296875 0.461181640625 435.44954644534545 20097
1460 0 0 0 63608.655029296875 0.461181640625 435.44954644534545 20097
1470 0 0 0 63608.655029296875 0.461181640625 435.44954644534545 20097
1480 0 0 0 63608.655029296875 0.461181640625 435.44954644534545 20097
1490 0 0 0 63608.655029296875 0.461181640625 435.44954644534545 20097
1500 0 0 0 63608.655029296875 0.461181640625 435.44954644534545 20097
1510 0 0 0 63608.655029296875 0.461181640625 435.44954644534545 20097
1520 0 0 0 63608.655029296875 0.461181640625 435.44954644534545 20097
1530 0 0 0 63608.655029296875 0.461181640625 435.44954644534545 20097
1540 0 0 0 63608.655029296875 0.461181640625 435.44954644534545 20097
1550 0 0 0 63608.655029296875 0.461181640625 435.44954644534545 20097
1560 0 0 0 63608.655029296875 0.461181640625 435.44954644534545 20097
1570 0 0 0 63608.655029296875 0.461181640625 435.44954644534545 20097
1580 0 0 0 63608.655029296875 0.461181640625 435.44954644534545 20097
1590 0 0 0 63608.655029296875 0.461181640625 435.44954644534545 20097
1600 0 0 0 63608.655029296875 0.461181640625 435.44954644534545 20097
1610 0 0 0 63608.655029296875 0.461181640625 435.44954644534545 20097
1620 0 0 0 63608.655029296875 0.461181640625 435.44954644534545 20097
1630 0 0 0 63608.655029296875 0.461181640625 435.44954644534545 20097
1640 0 0 0 63608.655029296875 0.461181640625 435.44954644534545 20097
1650 0 0 0 63608.655029296875 0.461181640625 435.44954644534545 20097
1660 0 0 0 63608.655029296875 0.461181640625 435.44954644534545 20097
1670 0 0 0 63608.655029296875 0.461181640625 435.44954644534545 20097
1680 0 0 0 63608.655029296875 0.461181640625 435.44954644534545 20097
1690 0 0 0 63608.655029296875 0.461181640625 435.44954644534545 20097
1700 0 0 0 63608.655029296875 0.461181640625 435.44954644534545 20097
1710 0 0 0 63608.655029296875 0.461181640625 435.44954644534545 20097
1720 0 0 0 63608.655029296875 0.461181640625 435.44954644534545 20097
1730 0 0 0 63608.655029296875 0.461181640625 435.44954644534545 20097
1740 0 0 0 63608.655029296875 0.461181640625 435.44954644534545 20097
1750 0 0 0 63608.655029296875 0.461181640625 435.44954644534545 20097
1760 0 0 0 63608.655029296875 0.461181640625 435.44954644534545 20097
1770 0 0 0 63608.655029296875 0.461181640625 435.44954644534545 20097
1780 0 0 0 63608.655029296875 0.461181640625 435.44954644534545 20097
1790 0 0 0 63608.655029296875 0.461181640625 435.44954644534545 20097
1800 0 0 0 63608.655029296875 0.461181640625 435.44954644534545 20097
1810 0 0 0 63608.655029296875 0.461181640625 435.44954644534545 20097
1820 0 0 0 63608.655029296875 0.461181640625 435.44954644534545 20097
1830 0 0 0 63608.655029296875 0.461181640625 435.44954644534545 20097
1840 0 0 0 63608.655029296875 0.461181640625 435.44954644534545 20097
1850 0 0 0 63608.655029296875 0.461181640625 435.44954644534545 20097
1860 0 0 0 63608.655029296875 0.461181640625 435.44954644534545 20097
1870 0 0 0 63608.655029296875 0.461181640625 435.44954644534545 20097
1880 0 0 0 63608.655029296875 0.461181640625 435.44954644534545 20097
1890 0 0 0 63608.655029296875 0.461181640625 435.44954644534545 20097
1900 0 0 0 63608.655029296875 0.461181640625 435.44954644534545 20097
1910 0 0 0 63608.655029296875 0.461181640625 435.44954644534545 20097
1920 0 0 0 63608.655029296875 0.461181640625 435.44954644534545 20097
1930 0 0 0 63608.655029296875 0.461181640625 435.44954644534545 20097
1940 0 0 0 63608.655029296875 0.461181640625 435.44954644534545 20097
1950 0 0 0 63608.655029296875 0.461181640625 435.44954644534545 20097
1960 0 0 0 63608.655029296875 0.461181640625 435.44954644534545 20097
1970 0 0 0 63608.655029296875 0.461181640625 435.44954644534545 20097
1980 0 0 0 63608.655029296875 0.461181640625 435.44954644534545 20097
1990 0 0 0 63608.655029296875 0.461181640625 435.44954644534545 20097
2000 0 0 0 63608.655029296875 0.461181640625 435.44954644534545 20097
2010 0 0 0 63608.655029296875 0.461181640625 435.44954644534545 20097
2020 0 0 0 63608.655029296875 0.461181640625 435.44954644534545 20097
2030 0 0 0 63608.655029296875 0.461181640625 435.44954644534545 20097
2040 0 0 0 63608.655029296875 0.461181640625 435.44954644534545 20097
2050 0 0 0 63608.655029296875 0.461181640625 435.44954644534545 20097
2060 0 0 0 63608.655029296875 0.461181640625 435.44954644534545 20097
2070 0 0 0 63608.655029296875 0.461181640625 435.44954644534545 20097
2080 0 0 0 63608.655029296875 0.461181640625 435.44954644534545 20097
2090 0 0 0 63608.655029296875 0.461181640625 435.44954644534545 20097
2100 0 0 0 63608.655029296875 0.461181640625 435.44954644534545 20097
2110 0 0 0 63608.655029296875 0.461181640625 435.44954644534545 20097
2120 0 0 0 63608.655029296875 0.461181640625 435.44954644534545 20097
2130 0 0 0 63608.655029296875 0.461181640625 435.44954644534545 20097
2140 0 0 0 63608.655029296875 0.461181640625 435.44954644534545 20097
2150 0 0 0 63608.655029296875 0.461181640625 435.44954644534545 20097
2160 0 0 0 63608.655029296875 0.461181640625 435.44954644534545 20097
2170 0 0 0 63608.655029296875 0.461181640625 435.44954644534545 20097
2180 0 0 0 63608.655029296875 0.461181640625 435.44954644534545 20097
2190 0 0 0 63608.655029296875 0.461181640625 435.44954644534545 20097
2200 0 0 0 63608.655029296875 0.461181640625 435.44954644534545 20097
2210 0 0 0 63608.655029296875 0.461181640625 435.44954644534545 20097
2220 0 0 0 63608.655029296875 0.461181640625 435.44954644534545 20097
2230 0 0 0 63608.655029296875 0.461181640625 435.44954644534545 20097
2240 0 0 0 63608.655029296875 0.461181640625 435.44954644534545 20097
2250 0 0 0 63608.655029296875 0.461181640625 435.44954644534545 20097
2260 0 0 0 63608.655029296875 0.461181640625 435.44954644534545 20097
2270 0 0 0 63608.655029296875 0.461181640625 435.44954644534545 20097
2280 0 0 0 63608.655029296875 0.461181640625 435.44954644534545 20097
2290 0 0 0 63608.655029296875 0.461181640625 435.44954644534545 20097
2300 0 0 0 63608.655029296875 0.461181640625 435.44954644534545 20097
2310 0 0 0 63608.655029296875 0.461181640625 435.44954644534545 20097
2320 0 0 0 63608.655029296875 0.461181640625 435.44954644534545 20097
2330 0 0 0 63608.655029296875 0.461181640625 435.44954644534545 20097
2340 0 0 0 63608.655029296875 0.461181640625 435.44954644534545 20097
2350 0 0 0 63608.655029296875 0.461181640625 435.44954644534545 20097
2360 0 0 0 63608.655029296875 0.461181640625 435.44954644534545 20097
2370 0 0 0 63608.655029296875 0.461181640625 435.44954644534545 20097
2380 0 0 0 63608.655029296875 0.461181640625 435.44954644534545 20097
2390 0 0 0 63608.655029296875 0.461181640625 435.44954644534545 20097
2400 0 0 0 63608.655029296875 0.461181640625 435.44954644534545 20097
2410 0 0 0 63608.655029296875 0.461181640625 435.44954644534545 20097
2420 0 0 0 63608.655029296875 0.461181640625 435.44954644534545 20097
2430 0 0 0 63608.655029296875 0.461181640625 435.44954644534545 20097
2440 0 0 0 63608.655029296875 0.461181640625 435.44954644534545 20097
2450 0 0 0 63608.655029296875 0.461181640625 435.44954644534545 20097
2460 0 0 0 63608.655029296875 0.461181640625 435.44954644534545 20097
2470 0 0 0 63608.655029296875 0.461181640625 435.44954644534545 20097
2480 0 0 0 63608.655029296875 0.461181640625 435.44954644534545 20097
2490 0 0 0 63608.655029296875 0.461181640625 435.44954644534545 20097
2500 0 0 0 63608.655029296875 0.461181640625 435.44954644534545 20097
2510 0 0 0 63608.655029296875 0.461181640625 435.44954644534545 20097
2520 0 0 0 63608.655029296875 0.461181640625 435.44954644534545 20097
2530 0 0 0 63608.655029296875 0.461181640625 435.44954644534545 20097
2540 0 0 0 63608.655029296875 0.461181640625 435.44954644534545 20097
2550 0 0 0 63608.655029296875 0.461181640625 435.44954644534545 20097
2560 0 0 0 63608.655029296875 0.461181640625 435.44954644534545 20097
2570 0 0 0 63608.655029296875 0.461181640625 435.44954644534545 20097
2580 0 0 0 63608.655029296875 0.461181640625 435.44954644534545 20097
2590 0 0 0 63608.655029296875 0.461181640625 435.44954644534545 20097
2600 0 0 0 63608.655029296875 0.461181640625 435.44954644534545 20097
2610 0 0 0 63608.655029296875 0.461181640625 435.44954644534545 20097
2620 0 0 0 63608.655029296875 0.461181640625 435.44954644534545 20097
2630 0 0 0 63608.655029296875 0.461181640625 435.44954644534545 20097
2640 0 0 0 63608.655029296875 0.461181640625 435.44954644534545 20097
2650 0 0 0 63608.655029296875 0.461181640625 435.44954644534545 20097
2660 0 0 0 63608.655029296875 0.461181640625 435.44954644534545 20097
2670 0 0 0 63608.655029296875 0.461181640625 435.44954644534545 20097
2680 0 0 0 63608.655029296875 0.461181640625 435.44954644534545 20097
2690 0 0 0 63608.655029296875 0.461181640625 435.44954644534545 20097
2700 0 0 0 63608.655029296875 0.461181640625 435.44954644534545 20097
2710 0 0 0 63608.655029296875 0.461181640625 435.44954644534545 20097
2720 0 0 0 63608.655029296875 0.461181640625 435.44954644534545 20097
2730 0 0 0 63608.655029296875 0.461181640625 435.44954644534545 20097
2740 0 0 0 63608.655029296875 0.461181640625 435.44954644534545 20097
2750 0 0 0 63608.655029296875 0.461181640625 435.44954644534545 20097
2760 0 0 0 63608.655029296875 0.461181640625 435.44954644534545 20097
2770 0 0 0 63608.655029296875 0.461181640625 435.44954644534545 20097
2780 0 0 0 63608.655029296875 0.461181640625 435.44954644534545 20097
2790 0 0 0 63608.655029296875 0.461181640625 435.44954644534545 20097
2800 0 0 0 63608.655029296875 0.461181640625 435.44954644534545 20097
2810 0 0 0 63608.655029296875 0.461181640625 435.44954644534545 20097
