0 8107 8107
10 16895 8788
20 19857 2962
30 19825 -32
40 19826 1
50 19827 1
60 19829 2
70 19827 -2
80 19827 0
90 19838 11
100 19839 1
110 19830 -9
120 19819 -11
130 19814 -5
140 19813 -1
150 19817 4
160 19835 18
170 19850 15
180 19846 -4
190 19843 -3
200 19843 0
210 19843 0
220 19843 0
230 19843 0
240 19843 0
250 19843 0
260 19843 0
270 19843 0
280 19843 0
290 19843 0
300 19843 0
310 19843 0
320 19843 0
330 19843 0
340 19843 0
350 19843 0
360 19843 0
370 19843 0
380 19843 0
390 19843 0
400 19843 0
410 19843 0
420 19843 0
430 19843 0
440 19843 0
450 19843 0
460 19843 0
470 19843 0
480 19843 0
490 19843 0
500 19843 0
510 19843 0
520 19843 0
530 19843 0
540 19843 0
550 19843 0
560 19843 0
570 19843 0
580 19843 0
590 19843 0
600 19843 0
610 19843 0
620 19843 0
630 19843 0
640 19843 0
650 19843 0
660 19843 0
670 19843 0
680 19843 0
690 19843 0
700 19843 0
710 19843 0
720 19843 0
730 19843 0
740 19843 0
750 19843 0
760 19843 0
770 19843 0
780 19843 0
790 19843 0
800 19843 0
810 19843 0
820 19843 0
830 19843 0
840 19843 0
850 19843 0
860 19843 0
870 19843 0
880 19843 0
890 19843 0
900 19843 0
910 19843 0
920 19843 0
930 19843 0
940 19843 0
950 19843 0
960 19843 0
970 19843 0
980 19843 0
990 19843 0
1000 19843 0
1010 19843 0
1020 19843 0
1030 19843 0
1040 19843 0
1050 19843 0
1060 19843 0
1070 19843 0
1080 19843 0
1090 19843 0
1100 19843 0
1110 19843 0
1120 19843 0
1130 19843 0
1140 19843 0
1150 19843 0
1160 19843 0
1170 19843 0
1180 19843 0
1190 19843 0
1200 19843 0
1210 19843 0
1220 19843 0
1230 19843 0
1240 19843 0
1250 19843 0
1260 19843 0
1270 19843 0
1280 19843 0
1290 19843 0
1300 19843 0
1310 19843 0
1320 19843 0
1330 19843 0
1340 19843 0
1350 19843 0
1360 19843 0
1370 19843 0
1380 19843 0
1390 19843 0
1400 19843 0
1410 19843 0
1420 19843 0
1430 19843 0
1440 19843 0
1450 19843 0
1460 19843 0
1470 19843 0
1480 19843 0
1490 19843 0
1500 19843 0
1510 19843 0
1520 19843 0
1530 19843 0
1540 19843 0
1550 19843 0
1560 19843 0
1570 19843 0
1580 19843 0
1590 19843 0
1600 19843 0
1610 19843 0
1620 19843 0
1630 19843 0
1640 19843 0
1650 19843 0
1660 19843 0
1670 19843 0
1680 19843 0
1690 19843 0
1700 19843 0
1710 19843 0
1720 19843 0
1730 19843 0
1740 19843 0
1750 19843 0
1760 19843 0
1770 19843 0
1780 19843 0
1790 19843 0
1800 19843 0
1810 19843 0
1820 19843 0
1830 19843 0
1840 19843 0
1850 19843 0
1860 19843 0
1870 19843 0
1880 19843 0
1890 19843 0
1900 19843 0
1910 19843 0
1920 19843 0
1930 19843 0
1940 19843 0
1950 19843 0
1960 19843 0
1970 19843 0
1980 19843 0
1990 19843 0
2000 19843 0
2010 19843 0
2020 19843 0
2030 19843 0
2040 19843 0
2050 19843 0
2060 19843 0
2070 19843 0
2080 19843 0
2090 19843 0
2100 19843 0
2110 19843 0
2120 19843 0
2130 19843 0
2140 19843 0
2150 19843 0
2160 19843 0
2170 19843 0
2180 19843 0
2190 19843 0
2200 19843 0
2210 19843 0
2220 19843 0
2230 19843 0
2240 19843 0
2250 19843 0
2260 19843 0
2270 19843 0
2280 19843 0
2290 19843 0
2300 19843 0
2310 19843 0
2320 19843 0
2330 19843 0
2340 19843 0
2350 19843 0
2360 19843 0
2370 19843 0
2380 19843 0
2390 19843 0
2400 19843 0
2410 19843 0
2420 19843 0
2430 19843 0
2440 19843 0
2450 19843 0
2460 19843 0
2470 19843 0
2480 19843 0
2490 19843 0
2500 19843 0
2510 19843 0
2520 19843 0
2530 19843 0
2540 19843 0
2550 19843 0
2560 19843 0
2570 19843 0
2580 19843 0
2590 19843 0
2600 19843 0
2610 19843 0
2620 19843 0
2630 19843 0
2640 19843 0
2650 19843 0
2660 19843 0
2670 19843 0
2680 19843 0
2690 19843 0
2700 19843 0
2710 19843 0
2720 19843 0
2730 19843 0
2740 19843 0
2750 19843 0
2760 19843 0
2770 19843 0
2780 19843 0
2790 19843 0
2800 19843 0
2810 19843 0
