140 41 410
150 521.3 5623
160 534.3 10966
170 349.7 14463
180 21.1 14674
190 5.2 14726
200 0 14726
210 0 14726
220 0 14726
230 0 14726
240 0 14726
250 0 14726
260 0 14726
270 0 14726
280 0 14726
290 0 14726
300 0 14726
310 0 14726
320 0 14726
330 0 14726
340 0 14726
350 0 14726
360 0 14726
370 0 14726
380 0 14726
390 0 14726
400 0 14726
410 0 14726
420 0 14726
430 0 14726
440 0 14726
450 0 14726
460 0 14726
470 0 14726
480 0 14726
490 0 14726
500 0 14726
510 0 14726
520 0 14726
530 0 14726
540 0 14726
550 0 14726
560 0 14726
570 0 14726
580 0 14726
590 0 14726
600 0 14726
610 0 14726
620 0 14726
630 0 14726
640 0 14726
650 0 14726
660 0 14726
670 0 14726
680 0 14726
690 0 14726
700 0 14726
710 0 14726
720 0 14726
730 0 14726
740 0 14726
750 0 14726
760 0 14726
770 0 14726
780 0 14726
790 0 14726
800 0 14726
810 0 14726
820 0 14726
830 0 14726
840 0 14726
850 0 14726
860 0 14726
870 0 14726
880 0 14726
890 0 14726
900 0 14726
910 0 14726
920 0 14726
930 0 14726
940 0 14726
950 0 14726
960 0 14726
970 0 14726
980 0 14726
990 0 14726
1000 0 14726
1010 0 14726
1020 0 14726
1030 0 14726
1040 0 14726
1050 0 14726
1060 0 14726
1070 0 14726
1080 0 14726
1090 0 14726
1100 0 14726
1110 0 14726
1120 0 14726
1130 0 14726
1140 0 14726
1150 0 14726
1160 0 14726
1170 0 14726
1180 0 14726
1190 0 14726
1200 0 14726
1210 0 14726
1220 0 14726
1230 0 14726
1240 0 14726
1250 0 14726
1260 0 14726
1270 0 14726
1280 0 14726
1290 0 14726
1300 0 14726
1310 0 14726
1320 0 14726
1330 0 14726
1340 0 14726
1350 0 14726
1360 0 14726
1370 0 14726
1380 0 14726
1390 0 14726
1400 0 14726
1410 0 14726
1420 0 14726
1430 0 14726
1440 0 14726
1450 0 14726
1460 0 14726
1470 0 14726
1480 0 14726
1490 0 14726
1500 0 14726
1510 0 14726
1520 0 14726
1530 0 14726
1540 0 14726
1550 0 14726
1560 0 14726
1570 0 14726
1580 0 14726
1590 0 14726
1600 0 14726
1610 0 14726
1620 0 14726
1630 0 14726
1640 0 14726
1650 0 14726
1660 0 14726
1670 0 14726
1680 0 14726
1690 0 14726
1700 0 14726
1710 0 14726
1720 0 14726
1730 0 14726
1740 0 14726
1750 0 14726
1760 0 14726
1770 0 14726
1780 0 14726
1790 0 14726
1800 0 14726
1810 0 14726
1820 0 14726
1830 0 14726
1840 0 14726
1850 0 14726
1860 0 14726
1870 0 14726
1880 0 14726
1890 0 14726
1900 0 14726
1910 0 14726
1920 0 14726
1930 0 14726
1940 0 14726
1950 0 14726
1960 0 14726
1970 0 14726
1980 0 14726
1990 0 14726
2000 0 14726
2010 0 14726
2020 0 14726
2030 0 14726
2040 0 14726
2050 0 14726
2060 0 14726
2070 0 14726
2080 0 14726
2090 0 14726
2100 0 14726
2110 0 14726
2120 0 14726
2130 0 14726
2140 0 14726
2150 0 14726
2160 0 14726
2170 0 14726
2180 0 14726
2190 0 14726
2200 0 14726
2210 0 14726
2220 0 14726
2230 0 14726
2240 0 14726
2250 0 14726
2260 0 14726
2270 0 14726
2280 0 14726
2290 0 14726
2300 0 14726
2310 0 14726
2320 0 14726
2330 0 14726
2340 0 14726
2350 0 14726
2360 0 14726
2370 0 14726
2380 0 14726
2390 0 14726
2400 0 14726
2410 0 14726
2420 0 14726
2430 0 14726
2440 0 14726
2450 0 14726
2460 0 14726
2470 0 14726
2480 0 14726
2490 0 14726
2500 0 14726
2510 0 14726
2520 0 14726
2530 0 14726
2540 0 14726
2550 0 14726
2560 0 14726
2570 0 14726
2580 0 14726
2590 0 14726
2600 0 14726
2610 0 14726
2620 0 14726
2630 0 14726
2640 0 14726
2650 0 14726
2660 0 14726
2670 0 14726
2680 0 14726
2690 0 14726
2700 0 14726
2710 0 14726
2720 0 14726
2730 0 14726
2740 0 14726
2750 0 14726
2760 0 14726
2770 0 14726
2780 0 14726
2790 0 14726
2800 0 14726
2810 0 14726
