30 5.2 52
40 1.9 71
50 1.9 90
60 1.8 108
70 2 128
80 1.8 146
90 0.8 154
100 1.8 172
110 2.7 199
120 1.9 218
130 0.5 223
140 0.1 224
150 0.2 226
160 0 226
170 0.7 233
180 0.3 236
190 25.6 492
200 0 492
210 0 492
220 0 492
230 0 492
240 0 492
250 0 492
260 0 492
270 0 492
280 0 492
290 0 492
300 0 492
310 0 492
320 0 492
330 0 492
340 0 492
350 0 492
360 0 492
370 0 492
380 0 492
390 0 492
400 0 492
410 0 492
420 0 492
430 0 492
440 0 492
450 0 492
460 0 492
470 0 492
480 0 492
490 0 492
500 0 492
510 0 492
520 0 492
530 0 492
540 0 492
550 0 492
560 0 492
570 0 492
580 0 492
590 0 492
600 0 492
610 0 492
620 0 492
630 0 492
640 0 492
650 0 492
660 0 492
670 0 492
680 0 492
690 0 492
700 0 492
710 0 492
720 0 492
730 0 492
740 0 492
750 0 492
760 0 492
770 0 492
780 0 492
790 0 492
800 0 492
810 0 492
820 0 492
830 0 492
840 0 492
850 0 492
860 0 492
870 0 492
880 0 492
890 0 492
900 0 492
910 0 492
920 0 492
930 0 492
940 0 492
950 0 492
960 0 492
970 0 492
980 0 492
990 0 492
1000 0 492
1010 0 492
1020 0 492
1030 0 492
1040 0 492
1050 0 492
1060 0 492
1070 0 492
1080 0 492
1090 0 492
1100 0 492
1110 0 492
1120 0 492
1130 0 492
1140 0 492
1150 0 492
1160 0 492
1170 0 492
1180 0 492
1190 0 492
1200 0 492
1210 0 492
1220 0 492
1230 0 492
1240 0 492
1250 0 492
1260 0 492
1270 0 492
1280 0 492
1290 0 492
1300 0 492
1310 0 492
1320 0 492
1330 0 492
1340 0 492
1350 0 492
1360 0 492
1370 0 492
1380 0 492
1390 0 492
1400 0 492
1410 0 492
1420 0 492
1430 0 492
1440 0 492
1450 0 492
1460 0 492
1470 0 492
1480 0 492
1490 0 492
1500 0 492
1510 0 492
1520 0 492
1530 0 492
1540 0 492
1550 0 492
1560 0 492
1570 0 492
1580 0 492
1590 0 492
1600 0 492
1610 0 492
1620 0 492
1630 0 492
1640 0 492
1650 0 492
1660 0 492
1670 0 492
1680 0 492
1690 0 492
1700 0 492
1710 0 492
1720 0 492
1730 0 492
1740 0 492
1750 0 492
1760 0 492
1770 0 492
1780 0 492
1790 0 492
1800 0 492
1810 0 492
1820 0 492
1830 0 492
1840 0 492
1850 0 492
1860 0 492
1870 0 492
1880 0 492
1890 0 492
1900 0 492
1910 0 492
1920 0 492
1930 0 492
1940 0 492
1950 0 492
1960 0 492
1970 0 492
1980 0 492
1990 0 492
2000 0 492
2010 0 492
2020 0 492
2030 0 492
2040 0 492
2050 0 492
2060 0 492
2070 0 492
2080 0 492
2090 0 492
2100 0 492
2110 0 492
2120 0 492
2130 0 492
2140 0 492
2150 0 492
2160 0 492
2170 0 492
2180 0 492
2190 0 492
2200 0 492
2210 0 492
2220 0 492
2230 0 492
2240 0 492
2250 0 492
2260 0 492
2270 0 492
2280 0 492
2290 0 492
2300 0 492
2310 0 492
2320 0 492
2330 0 492
2340 0 492
2350 0 492
2360 0 492
2370 0 492
2380 0 492
2390 0 492
2400 0 492
2410 0 492
2420 0 492
2430 0 492
2440 0 492
2450 0 492
2460 0 492
2470 0 492
2480 0 492
2490 0 492
2500 0 492
2510 0 492
2520 0 492
2530 0 492
2540 0 492
2550 0 492
2560 0 492
2570 0 492
2580 0 492
2590 0 492
2600 0 492
2610 0 492
2620 0 492
2630 0 492
2640 0 492
2650 0 492
2660 0 492
2670 0 492
2680 0 492
2690 0 492
2700 0 492
2710 0 492
2720 0 492
2730 0 492
2740 0 492
2750 0 492
2760 0 492
2770 0 492
2780 0 492
2790 0 492
2800 0 492
2810 0 492
