0 4433.6 7.061553437457689 20.019660761988373 161.4150390625 0.419921875 0 0
10 11618.5 135.78894608536075 166.14914717671232 1661.639892578125 0.419921875 7.061553437457689 44336
20 5283.3 388.03980809168996 323.4583484617998 3214.0048828125 0.419921875 100.23436020290656 160521
30 5.2 11082.548189603365 1449.6420118249048 13828.712890625 0.419921875 171.503824231273 213354
40 1.9 14635.092542146382 3258.3304762159105 23728.3720703125 0.419921875 174.16248568877347 213406
50 2.1 13530.698974609375 994.0702886609732 23728.3720703125 0.419921875 175.44985910366253 213425
60 1.6 20820.961013793945 8356.559684827855 41157.640869140625 0.419921875 176.7638225015506 213446
70 2 27259.312280273436 2622.837217998949 41157.640869140625 0.419921875 178.31120402641534 213462
80 1.8 42081.174641927086 8116.632092978905 51340.18603515625 0.419921875 180.84827985259713 213482
90 0.8 45759.049865722656 3214.6853849205936 51340.18603515625 0.419921875 184.38086006110927 213500
100 1.8 86121.31582302517 431.13426341275135 86410.50903320313 0.419921875 186.08851200878942 213508
110 2.7 89957.69118923611 1858.1090517366877 93521.70288085938 0.419921875 193.3327543567859 213526
120 1.9 87964.87810958059 9025.610451763532 104634.38818359375 0.419921875 204.6818699287598 213553
130 0.5 83679.67998046875 6298.608649134808 104634.38818359375 0.419921875 212.48927786872096 213572
140 0.1 114485.60205078125 0.0 114485.60205078125 0.419921875 214.4433082817008 213577
150 0.2 103588.64953613281 0.5264892578125 114485.60205078125 0.419921875 214.9783407229752 213578
160 0 0 0 114485.60205078125 0.419921875 215.94634963013326 213580
170 0.7 147846.97227260045 8989.927510700685 155116.419921875 0.419921875 215.94634963013326 213580
180 1 157273.2759765625 10222.962469433756 165009.84985351563 0.419921875 220.784739520252 213587
190 1.1 130373.17762340199 37821.753156690334 165009.84985351563 0.419921875 228.13748751001975 213597
200 0 0 0 165009.84985351563 0.419921875 234.83946234942096 213608
210 0 0 0 165009.84985351563 0.419921875 234.83946234942096 213608
220 0 0 0 165009.84985351563 0.419921875 234.83946234942096 213608
230 0 0 0 165009.84985351563 0.419921875 234.83946234942096 213608
240 0 0 0 165009.84985351563 0.419921875 234.83946234942096 213608
250 0 0 0 165009.84985351563 0.419921875 234.83946234942096 213608
260 0 0 0 165009.84985351563 0.419921875 234.83946234942096 213608
270 0 0 0 165009.84985351563 0.419921875 234.83946234942096 213608
280 0 0 0 165009.84985351563 0.419921875 234.83946234942096 213608
290 0 0 0 165009.84985351563 0.419921875 234.83946234942096 213608
300 0 0 0 165009.84985351563 0.419921875 234.83946234942096 213608
310 0 0 0 165009.84985351563 0.419921875 234.83946234942096 213608
320 0 0 0 165009.84985351563 0.419921875 234.83946234942096 213608
330 0 0 0 165009.84985351563 0.419921875 234.83946234942096 213608
340 0 0 0 165009.84985351563 0.419921875 234.83946234942096 213608
350 0 0 0 165009.84985351563 0.419921875 234.83946234942096 213608
360 0 0 0 165009.84985351563 0.419921875 234.83946234942096 213608
370 0 0 0 165009.84985351563 0.419921875 234.83946234942096 213608
380 0 0 0 165009.84985351563 0.419921875 234.83946234942096 213608
390 0 0 0 165009.84985351563 0.419921875 234.83946234942096 213608
400 0 0 0 165009.84985351563 0.419921875 234.83946234942096 213608
410 0 0 0 165009.84985351563 0.419921875 234.83946234942096 213608
420 0 0 0 165009.84985351563 0.419921875 234.83946234942096 213608
430 0 0 0 165009.84985351563 0.419921875 234.83946234942096 213608
440 0 0 0 165009.84985351563 0.419921875 234.83946234942096 213608
450 0 0 0 165009.84985351563 0.419921875 234.83946234942096 213608
460 0 0 0 165009.84985351563 0.419921875 234.83946234942096 213608
470 0 0 0 165009.84985351563 0.419921875 234.83946234942096 213608
480 0 0 0 165009.84985351563 0.419921875 234.83946234942096 213608
490 0 0 0 165009.84985351563 0.419921875 234.83946234942096 213608
500 0 0 0 165009.84985351563 0.419921875 234.83946234942096 213608
510 0 0 0 165009.84985351563 0.419921875 234.83946234942096 213608
520 0 0 0 165009.84985351563 0.419921875 234.83946234942096 213608
530 0 0 0 165009.84985351563 0.419921875 234.83946234942096 213608
540 0 0 0 165009.84985351563 0.419921875 234.83946234942096 213608
550 0 0 0 165009.84985351563 0.419921875 234.83946234942096 213608
560 0 0 0 165009.84985351563 0.419921875 234.83946234942096 213608
570 0 0 0 165009.84985351563 0.419921875 234.83946234942096 213608
580 0 0 0 165009.84985351563 0.419921875 234.83946234942096 213608
590 0 0 0 165009.84985351563 0.419921875 234.83946234942096 213608
600 0 0 0 165009.84985351563 0.419921875 234.83946234942096 213608
610 0 0 0 165009.84985351563 0.419921875 234.83946234942096 213608
620 0 0 0 165009.84985351563 0.419921875 234.83946234942096 213608
630 0 0 0 165009.84985351563 0.419921875 234.83946234942096 213608
640 0 0 0 165009.84985351563 0.419921875 234.83946234942096 213608
650 0 0 0 165009.84985351563 0.419921875 234.83946234942096 213608
660 0 0 0 165009.84985351563 0.419921875 234.83946234942096 213608
670 0 0 0 165009.84985351563 0.419921875 234.83946234942096 213608
680 0 0 0 165009.84985351563 0.419921875 234.83946234942096 213608
690 0 0 0 165009.84985351563 0.419921875 234.83946234942096 213608
700 0 0 0 165009.84985351563 0.419921875 234.83946234942096 213608
710 0 0 0 165009.84985351563 0.419921875 234.83946234942096 213608
720 0 0 0 165009.84985351563 0.419921875 234.83946234942096 213608
730 0 0 0 165009.84985351563 0.419921875 234.83946234942096 213608
740 0 0 0 165009.84985351563 0.419921875 234.83946234942096 213608
750 0 0 0 165009.84985351563 0.419921875 234.83946234942096 213608
760 0 0 0 165009.84985351563 0.419921875 234.83946234942096 213608
770 0 0 0 165009.84985351563 0.419921875 234.83946234942096 213608
780 0 0 0 165009.84985351563 0.419921875 234.83946234942096 213608
790 0 0 0 165009.84985351563 0.419921875 234.83946234942096 213608
800 0 0 0 165009.84985351563 0.419921875 234.83946234942096 213608
810 0 0 0 165009.84985351563 0.419921875 234.83946234942096 213608
820 0 0 0 165009.84985351563 0.419921875 234.83946234942096 213608
830 0 0 0 165009.84985351563 0.419921875 234.83946234942096 213608
840 0 0 0 165009.84985351563 0.419921875 234.83946234942096 213608
850 0 0 0 165009.84985351563 0.419921875 234.83946234942096 213608
860 0 0 0 165009.84985351563 0.419921875 234.83946234942096 213608
870 0 0 0 165009.84985351563 0.419921875 234.83946234942096 213608
880 0 0 0 165009.84985351563 0.419921875 234.83946234942096 213608
890 0 0 0 165009.84985351563 0.419921875 234.83946234942096 213608
900 0 0 0 165009.84985351563 0.419921875 234.83946234942096 213608
910 0 0 0 165009.84985351563 0.419921875 234.83946234942096 213608
920 0 0 0 165009.84985351563 0.419921875 234.83946234942096 213608
930 0 0 0 165009.84985351563 0.419921875 234.83946234942096 213608
940 0 0 0 165009.84985351563 0.419921875 234.83946234942096 213608
950 0 0 0 165009.84985351563 0.419921875 234.83946234942096 213608
960 0 0 0 165009.84985351563 0.419921875 234.83946234942096 213608
970 0 0 0 165009.84985351563 0.419921875 234.83946234942096 213608
980 0 0 0 165009.84985351563 0.419921875 234.83946234942096 213608
990 0 0 0 165009.84985351563 0.419921875 234.83946234942096 213608
1000 0 0 0 165009.84985351563 0.419921875 234.83946234942096 213608
1010 0 0 0 165009.84985351563 0.419921875 234.83946234942096 213608
1020 0 0 0 165009.84985351563 0.419921875 234.83946234942096 213608
1030 0 0 0 165009.84985351563 0.419921875 234.83946234942096 213608
1040 0 0 0 165009.84985351563 0.419921875 234.83946234942096 213608
1050 0 0 0 165009.84985351563 0.419921875 234.83946234942096 213608
1060 0 0 0 165009.84985351563 0.419921875 234.83946234942096 213608
1070 0 0 0 165009.84985351563 0.419921875 234.83946234942096 213608
1080 0 0 0 165009.84985351563 0.419921875 234.83946234942096 213608
1090 0 0 0 165009.84985351563 0.419921875 234.83946234942096 213608
1100 0 0 0 165009.84985351563 0.419921875 234.83946234942096 213608
1110 0 0 0 165009.84985351563 0.419921875 234.83946234942096 213608
1120 0 0 0 165009.84985351563 0.419921875 234.83946234942096 213608
1130 0 0 0 165009.84985351563 0.419921875 234.83946234942096 213608
1140 0 0 0 165009.84985351563 0.419921875 234.83946234942096 213608
1150 0 0 0 165009.84985351563 0.419921875 234.83946234942096 213608
1160 0 0 0 165009.84985351563 0.419921875 234.83946234942096 213608
1170 0 0 0 165009.84985351563 0.419921875 234.83946234942096 213608
1180 0 0 0 165009.84985351563 0.419921875 234.83946234942096 213608
1190 0 0 0 165009.84985351563 0.419921875 234.83946234942096 213608
1200 0 0 0 165009.84985351563 0.419921875 234.83946234942096 213608
1210 0 0 0 165009.84985351563 0.419921875 234.83946234942096 213608
1220 0 0 0 165009.84985351563 0.419921875 234.83946234942096 213608
1230 0 0 0 165009.84985351563 0.419921875 234.83946234942096 213608
1240 0 0 0 165009.84985351563 0.419921875 234.83946234942096 213608
1250 0 0 0 165009.84985351563 0.419921875 234.83946234942096 213608
1260 0 0 0 165009.84985351563 0.419921875 234.83946234942096 213608
1270 0 0 0 165009.84985351563 0.419921875 234.83946234942096 213608
1280 0 0 0 165009.84985351563 0.419921875 234.83946234942096 213608
1290 0 0 0 165009.84985351563 0.419921875 234.83946234942096 213608
1300 0 0 0 165009.84985351563 0.419921875 234.83946234942096 213608
1310 0 0 0 165009.84985351563 0.419921875 234.83946234942096 213608
1320 0 0 0 165009.84985351563 0.419921875 234.83946234942096 213608
1330 0 0 0 165009.84985351563 0.419921875 234.83946234942096 213608
1340 0 0 0 165009.84985351563 0.419921875 234.83946234942096 213608
1350 0 0 0 165009.84985351563 0.419921875 234.83946234942096 213608
1360 0 0 0 165009.84985351563 0.419921875 234.83946234942096 213608
1370 0 0 0 165009.84985351563 0.419921875 234.83946234942096 213608
1380 0 0 0 165009.84985351563 0.419921875 234.83946234942096 213608
1390 0 0 0 165009.84985351563 0.419921875 234.83946234942096 213608
1400 0 0 0 165009.84985351563 0.419921875 234.83946234942096 213608
1410 0 0 0 165009.84985351563 0.419921875 234.83946234942096 213608
1420 0 0 0 165009.84985351563 0.419921875 234.83946234942096 213608
1430 0 0 0 165009.84985351563 0.419921875 234.83946234942096 213608
1440 0 0 0 165009.84985351563 0.419921875 234.83946234942096 213608
1450 0 0 0 165009.84985351563 0.419921875 234.83946234942096 213608
1460 0 0 0 165009.84985351563 0.419921875 234.83946234942096 213608
1470 0 0 0 165009.84985351563 0.419921875 234.83946234942096 213608
1480 0 0 0 165009.84985351563 0.419921875 234.83946234942096 213608
1490 0 0 0 165009.84985351563 0.419921875 234.83946234942096 213608
1500 0 0 0 165009.84985351563 0.419921875 234.83946234942096 213608
1510 0 0 0 165009.84985351563 0.419921875 234.83946234942096 213608
1520 0 0 0 165009.84985351563 0.419921875 234.83946234942096 213608
1530 0 0 0 165009.84985351563 0.419921875 234.83946234942096 213608
1540 0 0 0 165009.84985351563 0.419921875 234.83946234942096 213608
1550 0 0 0 165009.84985351563 0.419921875 234.83946234942096 213608
1560 0 0 0 165009.84985351563 0.419921875 234.83946234942096 213608
1570 0 0 0 165009.84985351563 0.419921875 234.83946234942096 213608
1580 0 0 0 165009.84985351563 0.419921875 234.83946234942096 213608
1590 0 0 0 165009.84985351563 0.419921875 234.83946234942096 213608
1600 0 0 0 165009.84985351563 0.419921875 234.83946234942096 213608
1610 0 0 0 165009.84985351563 0.419921875 234.83946234942096 213608
1620 0 0 0 165009.84985351563 0.419921875 234.83946234942096 213608
1630 0 0 0 165009.84985351563 0.419921875 234.83946234942096 213608
1640 0 0 0 165009.84985351563 0.419921875 234.83946234942096 213608
1650 0 0 0 165009.84985351563 0.419921875 234.83946234942096 213608
1660 0 0 0 165009.84985351563 0.419921875 234.83946234942096 213608
1670 0 0 0 165009.84985351563 0.419921875 234.83946234942096 213608
1680 0 0 0 165009.84985351563 0.419921875 234.83946234942096 213608
1690 0 0 0 165009.84985351563 0.419921875 234.83946234942096 213608
1700 0 0 0 165009.84985351563 0.419921875 234.83946234942096 213608
1710 0 0 0 165009.84985351563 0.419921875 234.83946234942096 213608
1720 0 0 0 165009.84985351563 0.419921875 234.83946234942096 213608
1730 0 0 0 165009.84985351563 0.419921875 234.83946234942096 213608
1740 0 0 0 165009.84985351563 0.419921875 234.83946234942096 213608
1750 0 0 0 165009.84985351563 0.419921875 234.83946234942096 213608
1760 0 0 0 165009.84985351563 0.419921875 234.83946234942096 213608
1770 0 0 0 165009.84985351563 0.419921875 234.83946234942096 213608
1780 0 0 0 165009.84985351563 0.419921875 234.83946234942096 213608
1790 0 0 0 165009.84985351563 0.419921875 234.83946234942096 213608
1800 0 0 0 165009.84985351563 0.419921875 234.83946234942096 213608
1810 0 0 0 165009.84985351563 0.419921875 234.83946234942096 213608
1820 0 0 0 165009.84985351563 0.419921875 234.83946234942096 213608
1830 0 0 0 165009.84985351563 0.419921875 234.83946234942096 213608
1840 0 0 0 165009.84985351563 0.419921875 234.83946234942096 213608
1850 0 0 0 165009.84985351563 0.419921875 234.83946234942096 213608
1860 0 0 0 165009.84985351563 0.419921875 234.83946234942096 213608
1870 0 0 0 165009.84985351563 0.419921875 234.83946234942096 213608
1880 0 0 0 165009.84985351563 0.419921875 234.83946234942096 213608
1890 0 0 0 165009.84985351563 0.419921875 234.83946234942096 213608
1900 0 0 0 165009.84985351563 0.419921875 234.83946234942096 213608
1910 0 0 0 165009.84985351563 0.419921875 234.83946234942096 213608
1920 0 0 0 165009.84985351563 0.419921875 234.83946234942096 213608
1930 0 0 0 165009.84985351563 0.419921875 234.83946234942096 213608
1940 0 0 0 165009.84985351563 0.419921875 234.83946234942096 213608
1950 0 0 0 165009.84985351563 0.419921875 234.83946234942096 213608
1960 0 0 0 165009.84985351563 0.419921875 234.83946234942096 213608
1970 0 0 0 165009.84985351563 0.419921875 234.83946234942096 213608
1980 0 0 0 165009.84985351563 0.419921875 234.83946234942096 213608
1990 0 0 0 165009.84985351563 0.419921875 234.83946234942096 213608
2000 0 0 0 165009.84985351563 0.419921875 234.83946234942096 213608
2010 0 0 0 165009.84985351563 0.419921875 234.83946234942096 213608
2020 0 0 0 165009.84985351563 0.419921875 234.83946234942096 213608
2030 0 0 0 165009.84985351563 0.419921875 234.83946234942096 213608
2040 0 0 0 165009.84985351563 0.419921875 234.83946234942096 213608
2050 0 0 0 165009.84985351563 0.419921875 234.83946234942096 213608
2060 0 0 0 165009.84985351563 0.419921875 234.83946234942096 213608
2070 0 0 0 165009.84985351563 0.419921875 234.83946234942096 213608
2080 0 0 0 165009.84985351563 0.419921875 234.83946234942096 213608
2090 0 0 0 165009.84985351563 0.419921875 234.83946234942096 213608
2100 0 0 0 165009.84985351563 0.419921875 234.83946234942096 213608
2110 0 0 0 165009.84985351563 0.419921875 234.83946234942096 213608
2120 0 0 0 165009.84985351563 0.419921875 234.83946234942096 213608
2130 0 0 0 165009.84985351563 0.419921875 234.83946234942096 213608
2140 0 0 0 165009.84985351563 0.419921875 234.83946234942096 213608
2150 0 0 0 165009.84985351563 0.419921875 234.83946234942096 213608
2160 0 0 0 165009.84985351563 0.419921875 234.83946234942096 213608
2170 0 0 0 165009.84985351563 0.419921875 234.83946234942096 213608
2180 0 0 0 165009.84985351563 0.419921875 234.83946234942096 213608
2190 0 0 0 165009.84985351563 0.419921875 234.83946234942096 213608
2200 0 0 0 165009.84985351563 0.419921875 234.83946234942096 213608
2210 0 0 0 165009.84985351563 0.419921875 234.83946234942096 213608
2220 0 0 0 165009.84985351563 0.419921875 234.83946234942096 213608
2230 0 0 0 165009.84985351563 0.419921875 234.83946234942096 213608
2240 0 0 0 165009.84985351563 0.419921875 234.83946234942096 213608
2250 0 0 0 165009.84985351563 0.419921875 234.83946234942096 213608
2260 0 0 0 165009.84985351563 0.419921875 234.83946234942096 213608
2270 0 0 0 165009.84985351563 0.419921875 234.83946234942096 213608
2280 0 0 0 165009.84985351563 0.419921875 234.83946234942096 213608
2290 0 0 0 165009.84985351563 0.419921875 234.83946234942096 213608
2300 0 0 0 165009.84985351563 0.419921875 234.83946234942096 213608
2310 0 0 0 165009.84985351563 0.419921875 234.83946234942096 213608
2320 0 0 0 165009.84985351563 0.419921875 234.83946234942096 213608
2330 0 0 0 165009.84985351563 0.419921875 234.83946234942096 213608
2340 0 0 0 165009.84985351563 0.419921875 234.83946234942096 213608
2350 0 0 0 165009.84985351563 0.419921875 234.83946234942096 213608
2360 0 0 0 165009.84985351563 0.419921875 234.83946234942096 213608
2370 0 0 0 165009.84985351563 0.419921875 234.83946234942096 213608
2380 0 0 0 165009.84985351563 0.419921875 234.83946234942096 213608
2390 0 0 0 165009.84985351563 0.419921875 234.83946234942096 213608
2400 0 0 0 165009.84985351563 0.419921875 234.83946234942096 213608
2410 0 0 0 165009.84985351563 0.419921875 234.83946234942096 213608
2420 0 0 0 165009.84985351563 0.419921875 234.83946234942096 213608
2430 0 0 0 165009.84985351563 0.419921875 234.83946234942096 213608
2440 0 0 0 165009.84985351563 0.419921875 234.83946234942096 213608
2450 0 0 0 165009.84985351563 0.419921875 234.83946234942096 213608
2460 0 0 0 165009.84985351563 0.419921875 234.83946234942096 213608
2470 0 0 0 165009.84985351563 0.419921875 234.83946234942096 213608
2480 0 0 0 165009.84985351563 0.419921875 234.83946234942096 213608
2490 0 0 0 165009.84985351563 0.419921875 234.83946234942096 213608
2500 0 0 0 165009.84985351563 0.419921875 234.83946234942096 213608
2510 0 0 0 165009.84985351563 0.419921875 234.83946234942096 213608
2520 0 0 0 165009.84985351563 0.419921875 234.83946234942096 213608
2530 0 0 0 165009.84985351563 0.419921875 234.83946234942096 213608
2540 0 0 0 165009.84985351563 0.419921875 234.83946234942096 213608
2550 0 0 0 165009.84985351563 0.419921875 234.83946234942096 213608
2560 0 0 0 165009.84985351563 0.419921875 234.83946234942096 213608
2570 0 0 0 165009.84985351563 0.419921875 234.83946234942096 213608
2580 0 0 0 165009.84985351563 0.419921875 234.83946234942096 213608
2590 0 0 0 165009.84985351563 0.419921875 234.83946234942096 213608
2600 0 0 0 165009.84985351563 0.419921875 234.83946234942096 213608
2610 0 0 0 165009.84985351563 0.419921875 234.83946234942096 213608
2620 0 0 0 165009.84985351563 0.419921875 234.83946234942096 213608
2630 0 0 0 165009.84985351563 0.419921875 234.83946234942096 213608
2640 0 0 0 165009.84985351563 0.419921875 234.83946234942096 213608
2650 0 0 0 165009.84985351563 0.419921875 234.83946234942096 213608
2660 0 0 0 165009.84985351563 0.419921875 234.83946234942096 213608
2670 0 0 0 165009.84985351563 0.419921875 234.83946234942096 213608
2680 0 0 0 165009.84985351563 0.419921875 234.83946234942096 213608
2690 0 0 0 165009.84985351563 0.419921875 234.83946234942096 213608
2700 0 0 0 165009.84985351563 0.419921875 234.83946234942096 213608
2710 0 0 0 165009.84985351563 0.419921875 234.83946234942096 213608
2720 0 0 0 165009.84985351563 0.419921875 234.83946234942096 213608
2730 0 0 0 165009.84985351563 0.419921875 234.83946234942096 213608
2740 0 0 0 165009.84985351563 0.419921875 234.83946234942096 213608
2750 0 0 0 165009.84985351563 0.419921875 234.83946234942096 213608
2760 0 0 0 165009.84985351563 0.419921875 234.83946234942096 213608
2770 0 0 0 165009.84985351563 0.419921875 234.83946234942096 213608
2780 0 0 0 165009.84985351563 0.419921875 234.83946234942096 213608
2790 0 0 0 165009.84985351563 0.419921875 234.83946234942096 213608
2800 0 0 0 165009.84985351563 0.419921875 234.83946234942096 213608
2810 0 0 0 165009.84985351563 0.419921875 234.83946234942096 213608
