30 5.2 11084.571354792664 1449.6261049841294 13830.613037109375 8528.60498046875 0 0
40 2 14566.485314941407 3190.584287739459 23730.150146484375 8528.60498046875 11084.571354792664 52
50 1.7 13669.927289177389 1045.443057102923 23730.150146484375 8528.60498046875 12051.769677056203 72
60 1.9 19827.557822779607 8006.813923233251 41159.157958984375 8528.60498046875 12360.855962517553 89
70 2 27261.15919189453 2622.77679418371 41159.157958984375 8528.60498046875 13674.442400896989 108
80 2 42316.65668945313 7603.540989592936 51420.198974609375 8528.60498046875 15797.366899490355 128
90 0.6 46380.34952799479 3499.1510595531386 51420.198974609375 8528.60498046875 19381.054708944786 148
100 1.8 86138.0257297092 435.83750727480174 86466.01391601563 8528.60498046875 20432.97528631037 154
110 2.7 89980.36648220486 1851.1506048969677 93523.98217773438 8528.60498046875 27309.085216433505 172
120 1.9 87990.47550884046 8997.899757217681 104636.3408203125 8528.60498046875 35812.22388063364 199
130 0.5 83681.60756835938 6299.0867253646575 104636.3408203125 8528.60498046875 40359.869664743404 218
140 0.1 114504.35107421875 0.0 114504.35107421875 8528.60498046875 41331.20907962269 223
150 0.2 103590.27648925781 0.2645263671875 114504.35107421875 8528.60498046875 41657.87489209856 224
160 0 0 0 114504.35107421875 8528.60498046875 42205.949242515904 226
170 0.7 147848.8408203125 8990.06874299384 155117.98022460938 8528.60498046875 42205.949242515904 226
180 25.9 143111.09258114154 1644.4916842928844 158225.73095703125 8528.60498046875 45379.77001953125 233
190 102.9 148395.31762434327 2452.8713717448304 175359.81396484375 8528.60498046875 96827.76299403748 492
200 0 0 0 175359.81396484375 8528.60498046875 131714.68851315955 1521
210 0 0 0 175359.81396484375 8528.60498046875 131714.68851315955 1521
220 0 0 0 175359.81396484375 8528.60498046875 131714.68851315955 1521
230 0 0 0 175359.81396484375 8528.60498046875 131714.68851315955 1521
240 0 0 0 175359.81396484375 8528.60498046875 131714.68851315955 1521
250 0 0 0 175359.81396484375 8528.60498046875 131714.68851315955 1521
260 0 0 0 175359.81396484375 8528.60498046875 131714.68851315955 1521
270 0 0 0 175359.81396484375 8528.60498046875 131714.68851315955 1521
280 0 0 0 175359.81396484375 8528.60498046875 131714.68851315955 1521
290 0 0 0 175359.81396484375 8528.60498046875 131714.68851315955 1521
300 0 0 0 175359.81396484375 8528.60498046875 131714.68851315955 1521
310 0 0 0 175359.81396484375 8528.60498046875 131714.68851315955 1521
320 0 0 0 175359.81396484375 8528.60498046875 131714.68851315955 1521
330 0 0 0 175359.81396484375 8528.60498046875 131714.68851315955 1521
340 0 0 0 175359.81396484375 8528.60498046875 131714.68851315955 1521
350 0 0 0 175359.81396484375 8528.60498046875 131714.68851315955 1521
360 0 0 0 175359.81396484375 8528.60498046875 131714.68851315955 1521
370 0 0 0 175359.81396484375 8528.60498046875 131714.68851315955 1521
380 0 0 0 175359.81396484375 8528.60498046875 131714.68851315955 1521
390 0 0 0 175359.81396484375 8528.60498046875 131714.68851315955 1521
400 0 0 0 175359.81396484375 8528.60498046875 131714.68851315955 1521
410 0 0 0 175359.81396484375 8528.60498046875 131714.68851315955 1521
420 0 0 0 175359.81396484375 8528.60498046875 131714.68851315955 1521
430 0 0 0 175359.81396484375 8528.60498046875 131714.68851315955 1521
440 0 0 0 175359.81396484375 8528.60498046875 131714.68851315955 1521
450 0 0 0 175359.81396484375 8528.60498046875 131714.68851315955 1521
460 0 0 0 175359.81396484375 8528.60498046875 131714.68851315955 1521
470 0 0 0 175359.81396484375 8528.60498046875 131714.68851315955 1521
480 0 0 0 175359.81396484375 8528.60498046875 131714.68851315955 1521
490 0 0 0 175359.81396484375 8528.60498046875 131714.68851315955 1521
500 0 0 0 175359.81396484375 8528.60498046875 131714.68851315955 1521
510 0 0 0 175359.81396484375 8528.60498046875 131714.68851315955 1521
520 0 0 0 175359.81396484375 8528.60498046875 131714.68851315955 1521
530 0 0 0 175359.81396484375 8528.60498046875 131714.68851315955 1521
540 0 0 0 175359.81396484375 8528.60498046875 131714.68851315955 1521
550 0 0 0 175359.81396484375 8528.60498046875 131714.68851315955 1521
560 0 0 0 175359.81396484375 8528.60498046875 131714.68851315955 1521
570 0 0 0 175359.81396484375 8528.60498046875 131714.68851315955 1521
580 0 0 0 175359.81396484375 8528.60498046875 131714.68851315955 1521
590 0 0 0 175359.81396484375 8528.60498046875 131714.68851315955 1521
600 0 0 0 175359.81396484375 8528.60498046875 131714.68851315955 1521
610 0 0 0 175359.81396484375 8528.60498046875 131714.68851315955 1521
620 0 0 0 175359.81396484375 8528.60498046875 131714.68851315955 1521
630 0 0 0 175359.81396484375 8528.60498046875 131714.68851315955 1521
640 0 0 0 175359.81396484375 8528.60498046875 131714.68851315955 1521
650 0 0 0 175359.81396484375 8528.60498046875 131714.68851315955 1521
660 0 0 0 175359.81396484375 8528.60498046875 131714.68851315955 1521
670 0 0 0 175359.81396484375 8528.60498046875 131714.68851315955 1521
680 0 0 0 175359.81396484375 8528.60498046875 131714.68851315955 1521
690 0 0 0 175359.81396484375 8528.60498046875 131714.68851315955 1521
700 0 0 0 175359.81396484375 8528.60498046875 131714.68851315955 1521
710 0 0 0 175359.81396484375 8528.60498046875 131714.68851315955 1521
720 0 0 0 175359.81396484375 8528.60498046875 131714.68851315955 1521
730 0 0 0 175359.81396484375 8528.60498046875 131714.68851315955 1521
740 0 0 0 175359.81396484375 8528.60498046875 131714.68851315955 1521
750 0 0 0 175359.81396484375 8528.60498046875 131714.68851315955 1521
760 0 0 0 175359.81396484375 8528.60498046875 131714.68851315955 1521
770 0 0 0 175359.81396484375 8528.60498046875 131714.68851315955 1521
780 0 0 0 175359.81396484375 8528.60498046875 131714.68851315955 1521
790 0 0 0 175359.81396484375 8528.60498046875 131714.68851315955 1521
800 0 0 0 175359.81396484375 8528.60498046875 131714.68851315955 1521
810 0 0 0 175359.81396484375 8528.60498046875 131714.68851315955 1521
820 0 0 0 175359.81396484375 8528.60498046875 131714.68851315955 1521
830 0 0 0 175359.81396484375 8528.60498046875 131714.68851315955 1521
840 0 0 0 175359.81396484375 8528.60498046875 131714.68851315955 1521
850 0 0 0 175359.81396484375 8528.60498046875 131714.68851315955 1521
860 0 0 0 175359.81396484375 8528.60498046875 131714.68851315955 1521
870 0 0 0 175359.81396484375 8528.60498046875 131714.68851315955 1521
880 0 0 0 175359.81396484375 8528.60498046875 131714.68851315955 1521
890 0 0 0 175359.81396484375 8528.60498046875 131714.68851315955 1521
900 0 0 0 175359.81396484375 8528.60498046875 131714.68851315955 1521
910 0 0 0 175359.81396484375 8528.60498046875 131714.68851315955 1521
920 0 0 0 175359.81396484375 8528.60498046875 131714.68851315955 1521
930 0 0 0 175359.81396484375 8528.60498046875 131714.68851315955 1521
940 0 0 0 175359.81396484375 8528.60498046875 131714.68851315955 1521
950 0 0 0 175359.81396484375 8528.60498046875 131714.68851315955 1521
960 0 0 0 175359.81396484375 8528.60498046875 131714.68851315955 1521
970 0 0 0 175359.81396484375 8528.60498046875 131714.68851315955 1521
980 0 0 0 175359.81396484375 8528.60498046875 131714.68851315955 1521
990 0 0 0 175359.81396484375 8528.60498046875 131714.68851315955 1521
1000 0 0 0 175359.81396484375 8528.60498046875 131714.68851315955 1521
1010 0 0 0 175359.81396484375 8528.60498046875 131714.68851315955 1521
1020 0 0 0 175359.81396484375 8528.60498046875 131714.68851315955 1521
1030 0 0 0 175359.81396484375 8528.60498046875 131714.68851315955 1521
1040 0 0 0 175359.81396484375 8528.60498046875 131714.68851315955 1521
1050 0 0 0 175359.81396484375 8528.60498046875 131714.68851315955 1521
1060 0 0 0 175359.81396484375 8528.60498046875 131714.68851315955 1521
1070 0 0 0 175359.81396484375 8528.60498046875 131714.68851315955 1521
1080 0 0 0 175359.81396484375 8528.60498046875 131714.68851315955 1521
1090 0 0 0 175359.81396484375 8528.60498046875 131714.68851315955 1521
1100 0 0 0 175359.81396484375 8528.60498046875 131714.68851315955 1521
1110 0 0 0 175359.81396484375 8528.60498046875 131714.68851315955 1521
1120 0 0 0 175359.81396484375 8528.60498046875 131714.68851315955 1521
1130 0 0 0 175359.81396484375 8528.60498046875 131714.68851315955 1521
1140 0 0 0 175359.81396484375 8528.60498046875 131714.68851315955 1521
1150 0 0 0 175359.81396484375 8528.60498046875 131714.68851315955 1521
1160 0 0 0 175359.81396484375 8528.60498046875 131714.68851315955 1521
1170 0 0 0 175359.81396484375 8528.60498046875 131714.68851315955 1521
1180 0 0 0 175359.81396484375 8528.60498046875 131714.68851315955 1521
1190 0 0 0 175359.81396484375 8528.60498046875 131714.68851315955 1521
1200 0 0 0 175359.81396484375 8528.60498046875 131714.68851315955 1521
1210 0 0 0 175359.81396484375 8528.60498046875 131714.68851315955 1521
1220 0 0 0 175359.81396484375 8528.60498046875 131714.68851315955 1521
1230 0 0 0 175359.81396484375 8528.60498046875 131714.68851315955 1521
1240 0 0 0 175359.81396484375 8528.60498046875 131714.68851315955 1521
1250 0 0 0 175359.81396484375 8528.60498046875 131714.68851315955 1521
1260 0 0 0 175359.81396484375 8528.60498046875 131714.68851315955 1521
1270 0 0 0 175359.81396484375 8528.60498046875 131714.68851315955 1521
1280 0 0 0 175359.81396484375 8528.60498046875 131714.68851315955 1521
1290 0 0 0 175359.81396484375 8528.60498046875 131714.68851315955 1521
1300 0 0 0 175359.81396484375 8528.60498046875 131714.68851315955 1521
1310 0 0 0 175359.81396484375 8528.60498046875 131714.68851315955 1521
1320 0 0 0 175359.81396484375 8528.60498046875 131714.68851315955 1521
1330 0 0 0 175359.81396484375 8528.60498046875 131714.68851315955 1521
1340 0 0 0 175359.81396484375 8528.60498046875 131714.68851315955 1521
1350 0 0 0 175359.81396484375 8528.60498046875 131714.68851315955 1521
1360 0 0 0 175359.81396484375 8528.60498046875 131714.68851315955 1521
1370 0 0 0 175359.81396484375 8528.60498046875 131714.68851315955 1521
1380 0 0 0 175359.81396484375 8528.60498046875 131714.68851315955 1521
1390 0 0 0 175359.81396484375 8528.60498046875 131714.68851315955 1521
1400 0 0 0 175359.81396484375 8528.60498046875 131714.68851315955 1521
1410 0 0 0 175359.81396484375 8528.60498046875 131714.68851315955 1521
1420 0 0 0 175359.81396484375 8528.60498046875 131714.68851315955 1521
1430 0 0 0 175359.81396484375 8528.60498046875 131714.68851315955 1521
1440 0 0 0 175359.81396484375 8528.60498046875 131714.68851315955 1521
1450 0 0 0 175359.81396484375 8528.60498046875 131714.68851315955 1521
1460 0 0 0 175359.81396484375 8528.60498046875 131714.68851315955 1521
1470 0 0 0 175359.81396484375 8528.60498046875 131714.68851315955 1521
1480 0 0 0 175359.81396484375 8528.60498046875 131714.68851315955 1521
1490 0 0 0 175359.81396484375 8528.60498046875 131714.68851315955 1521
1500 0 0 0 175359.81396484375 8528.60498046875 131714.68851315955 1521
1510 0 0 0 175359.81396484375 8528.60498046875 131714.68851315955 1521
1520 0 0 0 175359.81396484375 8528.60498046875 131714.68851315955 1521
1530 0 0 0 175359.81396484375 8528.60498046875 131714.68851315955 1521
1540 0 0 0 175359.81396484375 8528.60498046875 131714.68851315955 1521
1550 0 0 0 175359.81396484375 8528.60498046875 131714.68851315955 1521
1560 0 0 0 175359.81396484375 8528.60498046875 131714.68851315955 1521
1570 0 0 0 175359.81396484375 8528.60498046875 131714.68851315955 1521
1580 0 0 0 175359.81396484375 8528.60498046875 131714.68851315955 1521
1590 0 0 0 175359.81396484375 8528.60498046875 131714.68851315955 1521
1600 0 0 0 175359.81396484375 8528.60498046875 131714.68851315955 1521
1610 0 0 0 175359.81396484375 8528.60498046875 131714.68851315955 1521
1620 0 0 0 175359.81396484375 8528.60498046875 131714.68851315955 1521
1630 0 0 0 175359.81396484375 8528.60498046875 131714.68851315955 1521
1640 0 0 0 175359.81396484375 8528.60498046875 131714.68851315955 1521
1650 0 0 0 175359.81396484375 8528.60498046875 131714.68851315955 1521
1660 0 0 0 175359.81396484375 8528.60498046875 131714.68851315955 1521
1670 0 0 0 175359.81396484375 8528.60498046875 131714.68851315955 1521
1680 0 0 0 175359.81396484375 8528.60498046875 131714.68851315955 1521
1690 0 0 0 175359.81396484375 8528.60498046875 131714.68851315955 1521
1700 0 0 0 175359.81396484375 8528.60498046875 131714.68851315955 1521
1710 0 0 0 175359.81396484375 8528.60498046875 131714.68851315955 1521
1720 0 0 0 175359.81396484375 8528.60498046875 131714.68851315955 1521
1730 0 0 0 175359.81396484375 8528.60498046875 131714.68851315955 1521
1740 0 0 0 175359.81396484375 8528.60498046875 131714.68851315955 1521
1750 0 0 0 175359.81396484375 8528.60498046875 131714.68851315955 1521
1760 0 0 0 175359.81396484375 8528.60498046875 131714.68851315955 1521
1770 0 0 0 175359.81396484375 8528.60498046875 131714.68851315955 1521
1780 0 0 0 175359.81396484375 8528.60498046875 131714.68851315955 1521
1790 0 0 0 175359.81396484375 8528.60498046875 131714.68851315955 1521
1800 0 0 0 175359.81396484375 8528.60498046875 131714.68851315955 1521
1810 0 0 0 175359.81396484375 8528.60498046875 131714.68851315955 1521
1820 0 0 0 175359.81396484375 8528.60498046875 131714.68851315955 1521
1830 0 0 0 175359.81396484375 8528.60498046875 131714.68851315955 1521
1840 0 0 0 175359.81396484375 8528.60498046875 131714.68851315955 1521
1850 0 0 0 175359.81396484375 8528.60498046875 131714.68851315955 1521
1860 0 0 0 175359.81396484375 8528.60498046875 131714.68851315955 1521
1870 0 0 0 175359.81396484375 8528.60498046875 131714.68851315955 1521
1880 0 0 0 175359.81396484375 8528.60498046875 131714.68851315955 1521
1890 0 0 0 175359.81396484375 8528.60498046875 131714.68851315955 1521
1900 0 0 0 175359.81396484375 8528.60498046875 131714.68851315955 1521
1910 0 0 0 175359.81396484375 8528.60498046875 131714.68851315955 1521
1920 0 0 0 175359.81396484375 8528.60498046875 131714.68851315955 1521
1930 0 0 0 175359.81396484375 8528.60498046875 131714.68851315955 1521
1940 0 0 0 175359.81396484375 8528.60498046875 131714.68851315955 1521
1950 0 0 0 175359.81396484375 8528.60498046875 131714.68851315955 1521
1960 0 0 0 175359.81396484375 8528.60498046875 131714.68851315955 1521
1970 0 0 0 175359.81396484375 8528.60498046875 131714.68851315955 1521
1980 0 0 0 175359.81396484375 8528.60498046875 131714.68851315955 1521
1990 0 0 0 175359.81396484375 8528.60498046875 131714.68851315955 1521
2000 0 0 0 175359.81396484375 8528.60498046875 131714.68851315955 1521
2010 0 0 0 175359.81396484375 8528.60498046875 131714.68851315955 1521
2020 0 0 0 175359.81396484375 8528.60498046875 131714.68851315955 1521
2030 0 0 0 175359.81396484375 8528.60498046875 131714.68851315955 1521
2040 0 0 0 175359.81396484375 8528.60498046875 131714.68851315955 1521
2050 0 0 0 175359.81396484375 8528.60498046875 131714.68851315955 1521
2060 0 0 0 175359.81396484375 8528.60498046875 131714.68851315955 1521
2070 0 0 0 175359.81396484375 8528.60498046875 131714.68851315955 1521
2080 0 0 0 175359.81396484375 8528.60498046875 131714.68851315955 1521
2090 0 0 0 175359.81396484375 8528.60498046875 131714.68851315955 1521
2100 0 0 0 175359.81396484375 8528.60498046875 131714.68851315955 1521
2110 0 0 0 175359.81396484375 8528.60498046875 131714.68851315955 1521
2120 0 0 0 175359.81396484375 8528.60498046875 131714.68851315955 1521
2130 0 0 0 175359.81396484375 8528.60498046875 131714.68851315955 1521
2140 0 0 0 175359.81396484375 8528.60498046875 131714.68851315955 1521
2150 0 0 0 175359.81396484375 8528.60498046875 131714.68851315955 1521
2160 0 0 0 175359.81396484375 8528.60498046875 131714.68851315955 1521
2170 0 0 0 175359.81396484375 8528.60498046875 131714.68851315955 1521
2180 0 0 0 175359.81396484375 8528.60498046875 131714.68851315955 1521
2190 0 0 0 175359.81396484375 8528.60498046875 131714.68851315955 1521
2200 0 0 0 175359.81396484375 8528.60498046875 131714.68851315955 1521
2210 0 0 0 175359.81396484375 8528.60498046875 131714.68851315955 1521
2220 0 0 0 175359.81396484375 8528.60498046875 131714.68851315955 1521
2230 0 0 0 175359.81396484375 8528.60498046875 131714.68851315955 1521
2240 0 0 0 175359.81396484375 8528.60498046875 131714.68851315955 1521
2250 0 0 0 175359.81396484375 8528.60498046875 131714.68851315955 1521
2260 0 0 0 175359.81396484375 8528.60498046875 131714.68851315955 1521
2270 0 0 0 175359.81396484375 8528.60498046875 131714.68851315955 1521
2280 0 0 0 175359.81396484375 8528.60498046875 131714.68851315955 1521
2290 0 0 0 175359.81396484375 8528.60498046875 131714.68851315955 1521
2300 0 0 0 175359.81396484375 8528.60498046875 131714.68851315955 1521
2310 0 0 0 175359.81396484375 8528.60498046875 131714.68851315955 1521
2320 0 0 0 175359.81396484375 8528.60498046875 131714.68851315955 1521
2330 0 0 0 175359.81396484375 8528.60498046875 131714.68851315955 1521
2340 0 0 0 175359.81396484375 8528.60498046875 131714.68851315955 1521
2350 0 0 0 175359.81396484375 8528.60498046875 131714.68851315955 1521
2360 0 0 0 175359.81396484375 8528.60498046875 131714.68851315955 1521
2370 0 0 0 175359.81396484375 8528.60498046875 131714.68851315955 1521
2380 0 0 0 175359.81396484375 8528.60498046875 131714.68851315955 1521
2390 0 0 0 175359.81396484375 8528.60498046875 131714.68851315955 1521
2400 0 0 0 175359.81396484375 8528.60498046875 131714.68851315955 1521
2410 0 0 0 175359.81396484375 8528.60498046875 131714.68851315955 1521
2420 0 0 0 175359.81396484375 8528.60498046875 131714.68851315955 1521
2430 0 0 0 175359.81396484375 8528.60498046875 131714.68851315955 1521
2440 0 0 0 175359.81396484375 8528.60498046875 131714.68851315955 1521
2450 0 0 0 175359.81396484375 8528.60498046875 131714.68851315955 1521
2460 0 0 0 175359.81396484375 8528.60498046875 131714.68851315955 1521
2470 0 0 0 175359.81396484375 8528.60498046875 131714.68851315955 1521
2480 0 0 0 175359.81396484375 8528.60498046875 131714.68851315955 1521
2490 0 0 0 175359.81396484375 8528.60498046875 131714.68851315955 1521
2500 0 0 0 175359.81396484375 8528.60498046875 131714.68851315955 1521
2510 0 0 0 175359.81396484375 8528.60498046875 131714.68851315955 1521
2520 0 0 0 175359.81396484375 8528.60498046875 131714.68851315955 1521
2530 0 0 0 175359.81396484375 8528.60498046875 131714.68851315955 1521
2540 0 0 0 175359.81396484375 8528.60498046875 131714.68851315955 1521
2550 0 0 0 175359.81396484375 8528.60498046875 131714.68851315955 1521
2560 0 0 0 175359.81396484375 8528.60498046875 131714.68851315955 1521
2570 0 0 0 175359.81396484375 8528.60498046875 131714.68851315955 1521
2580 0 0 0 175359.81396484375 8528.60498046875 131714.68851315955 1521
2590 0 0 0 175359.81396484375 8528.60498046875 131714.68851315955 1521
2600 0 0 0 175359.81396484375 8528.60498046875 131714.68851315955 1521
2610 0 0 0 175359.81396484375 8528.60498046875 131714.68851315955 1521
2620 0 0 0 175359.81396484375 8528.60498046875 131714.68851315955 1521
2630 0 0 0 175359.81396484375 8528.60498046875 131714.68851315955 1521
2640 0 0 0 175359.81396484375 8528.60498046875 131714.68851315955 1521
2650 0 0 0 175359.81396484375 8528.60498046875 131714.68851315955 1521
2660 0 0 0 175359.81396484375 8528.60498046875 131714.68851315955 1521
2670 0 0 0 175359.81396484375 8528.60498046875 131714.68851315955 1521
2680 0 0 0 175359.81396484375 8528.60498046875 131714.68851315955 1521
2690 0 0 0 175359.81396484375 8528.60498046875 131714.68851315955 1521
2700 0 0 0 175359.81396484375 8528.60498046875 131714.68851315955 1521
2710 0 0 0 175359.81396484375 8528.60498046875 131714.68851315955 1521
2720 0 0 0 175359.81396484375 8528.60498046875 131714.68851315955 1521
2730 0 0 0 175359.81396484375 8528.60498046875 131714.68851315955 1521
2740 0 0 0 175359.81396484375 8528.60498046875 131714.68851315955 1521
2750 0 0 0 175359.81396484375 8528.60498046875 131714.68851315955 1521
2760 0 0 0 175359.81396484375 8528.60498046875 131714.68851315955 1521
2770 0 0 0 175359.81396484375 8528.60498046875 131714.68851315955 1521
2780 0 0 0 175359.81396484375 8528.60498046875 131714.68851315955 1521
2790 0 0 0 175359.81396484375 8528.60498046875 131714.68851315955 1521
2800 0 0 0 175359.81396484375 8528.60498046875 131714.68851315955 1521
2810 0 0 0 175359.81396484375 8528.60498046875 131714.68851315955 1521
