0 4088.55234375 4088.55234375
10 10330.91875 14419.47109375
20 4658.1484375 19077.61953125
30 0 19077.61953125
40 0 19077.61953125
50 0 19077.61953125
60 0 19077.61953125
70 0 19077.61953125
80 0 19077.61953125
90 0 19077.61953125
100 0 19077.61953125
110 0 19077.61953125
120 0 19077.61953125
130 0 19077.61953125
140 0 19077.61953125
150 0 19077.61953125
160 0 19077.61953125
170 0 19077.61953125
180 0 19077.61953125
190 0 19077.61953125
200 0 19077.61953125
210 0 19077.61953125
220 0 19077.61953125
230 0 19077.61953125
240 0 19077.61953125
250 0 19077.61953125
260 0 19077.61953125
270 0 19077.61953125
280 0 19077.61953125
290 0 19077.61953125
300 0 19077.61953125
310 0 19077.61953125
320 0 19077.61953125
330 0 19077.61953125
340 0 19077.61953125
350 0 19077.61953125
360 0 19077.61953125
370 0 19077.61953125
380 0 19077.61953125
390 0 19077.61953125
400 0 19077.61953125
410 0 19077.61953125
420 0 19077.61953125
430 0 19077.61953125
440 0 19077.61953125
450 0 19077.61953125
460 0 19077.61953125
470 0 19077.61953125
480 0 19077.61953125
490 0 19077.61953125
500 0 19077.61953125
510 0 19077.61953125
520 0 19077.61953125
530 0 19077.61953125
540 0 19077.61953125
550 0 19077.61953125
560 0 19077.61953125
570 0 19077.61953125
580 0 19077.61953125
590 0 19077.61953125
600 0 19077.61953125
610 0 19077.61953125
620 0 19077.61953125
630 0 19077.61953125
640 0 19077.61953125
650 0 19077.61953125
660 0 19077.61953125
670 0 19077.61953125
680 0 19077.61953125
690 0 19077.61953125
700 0 19077.61953125
710 0 19077.61953125
720 0 19077.61953125
730 0 19077.61953125
740 0 19077.61953125
750 0 19077.61953125
760 0 19077.61953125
770 0 19077.61953125
780 0 19077.61953125
790 0 19077.61953125
800 0 19077.61953125
810 0 19077.61953125
820 0 19077.61953125
830 0 19077.61953125
840 0 19077.61953125
850 0 19077.61953125
860 0 19077.61953125
870 0 19077.61953125
880 0 19077.61953125
890 0 19077.61953125
900 0 19077.61953125
910 0 19077.61953125
920 0 19077.61953125
930 0 19077.61953125
940 0 19077.61953125
950 0 19077.61953125
960 0 19077.61953125
970 0 19077.61953125
980 0 19077.61953125
990 0 19077.61953125
1000 0 19077.61953125
1010 0 19077.61953125
1020 0 19077.61953125
1030 0 19077.61953125
1040 0 19077.61953125
1050 0 19077.61953125
1060 0 19077.61953125
1070 0 19077.61953125
1080 0 19077.61953125
1090 0 19077.61953125
1100 0 19077.61953125
1110 0 19077.61953125
1120 0 19077.61953125
1130 0 19077.61953125
1140 0 19077.61953125
1150 0 19077.61953125
1160 0 19077.61953125
1170 0 19077.61953125
1180 0 19077.61953125
1190 0 19077.61953125
1200 0 19077.61953125
1210 0 19077.61953125
1220 0 19077.61953125
1230 0 19077.61953125
1240 0 19077.61953125
1250 0 19077.61953125
1260 0 19077.61953125
1270 0 19077.61953125
1280 0 19077.61953125
1290 0 19077.61953125
1300 0 19077.61953125
1310 0 19077.61953125
1320 0 19077.61953125
1330 0 19077.61953125
1340 0 19077.61953125
1350 0 19077.61953125
1360 0 19077.61953125
1370 0 19077.61953125
1380 0 19077.61953125
1390 0 19077.61953125
1400 0 19077.61953125
1410 0 19077.61953125
1420 0 19077.61953125
1430 0 19077.61953125
1440 0 19077.61953125
1450 0 19077.61953125
1460 0 19077.61953125
1470 0 19077.61953125
1480 0 19077.61953125
1490 0 19077.61953125
1500 0 19077.61953125
1510 0 19077.61953125
1520 0 19077.61953125
1530 0 19077.61953125
1540 0 19077.61953125
1550 0 19077.61953125
1560 0 19077.61953125
1570 0 19077.61953125
1580 0 19077.61953125
1590 0 19077.61953125
1600 0 19077.61953125
1610 0 19077.61953125
1620 0 19077.61953125
1630 0 19077.61953125
1640 0 19077.61953125
1650 0 19077.61953125
1660 0 19077.61953125
1670 0 19077.61953125
1680 0 19077.61953125
1690 0 19077.61953125
1700 0 19077.61953125
1710 0 19077.61953125
1720 0 19077.61953125
1730 0 19077.61953125
1740 0 19077.61953125
1750 0 19077.61953125
1760 0 19077.61953125
1770 0 19077.61953125
1780 0 19077.61953125
1790 0 19077.61953125
1800 0 19077.61953125
1810 0 19077.61953125
1820 0 19077.61953125
1830 0 19077.61953125
1840 0 19077.61953125
1850 0 19077.61953125
1860 0 19077.61953125
1870 0 19077.61953125
1880 0 19077.61953125
1890 0 19077.61953125
1900 0 19077.61953125
1910 0 19077.61953125
1920 0 19077.61953125
1930 0 19077.61953125
1940 0 19077.61953125
1950 0 19077.61953125
1960 0 19077.61953125
1970 0 19077.61953125
1980 0 19077.61953125
1990 0 19077.61953125
2000 0 19077.61953125
2010 0 19077.61953125
2020 0 19077.61953125
2030 0 19077.61953125
2040 0 19077.61953125
2050 0 19077.61953125
2060 0 19077.61953125
2070 0 19077.61953125
2080 0 19077.61953125
2090 0 19077.61953125
2100 0 19077.61953125
2110 0 19077.61953125
2120 0 19077.61953125
2130 0 19077.61953125
2140 0 19077.61953125
2150 0 19077.61953125
2160 0 19077.61953125
2170 0 19077.61953125
2180 0 19077.61953125
2190 0 19077.61953125
2200 0 19077.61953125
2210 0 19077.61953125
2220 0 19077.61953125
2230 0 19077.61953125
2240 0 19077.61953125
2250 0 19077.61953125
2260 0 19077.61953125
2270 0 19077.61953125
2280 0 19077.61953125
2290 0 19077.61953125
2300 0 19077.61953125
2310 0 19077.61953125
2320 0 19077.61953125
2330 0 19077.61953125
2340 0 19077.61953125
2350 0 19077.61953125
2360 0 19077.61953125
2370 0 19077.61953125
2380 0 19077.61953125
2390 0 19077.61953125
2400 0 19077.61953125
2410 0 19077.61953125
2420 0 19077.61953125
2430 0 19077.61953125
2440 0 19077.61953125
2450 0 19077.61953125
2460 0 19077.61953125
2470 0 19077.61953125
2480 0 19077.61953125
2490 0 19077.61953125
2500 0 19077.61953125
2510 0 19077.61953125
2520 0 19077.61953125
2530 0 19077.61953125
2540 0 19077.61953125
2550 0 19077.61953125
2560 0 19077.61953125
2570 0 19077.61953125
2580 0 19077.61953125
2590 0 19077.61953125
2600 0 19077.61953125
2610 0 19077.61953125
2620 0 19077.61953125
2630 0 19077.61953125
2640 0 19077.61953125
2650 0 19077.61953125
2660 0 19077.61953125
2670 0 19077.61953125
2680 0 19077.61953125
2690 0 19077.61953125
2700 0 19077.61953125
2710 0 19077.61953125
2720 0 19077.61953125
2730 0 19077.61953125
2740 0 19077.61953125
2750 0 19077.61953125
2760 0 19077.61953125
2770 0 19077.61953125
2780 0 19077.61953125
2790 0 19077.61953125
2800 0 19077.61953125
2810 0 19077.61953125
