0 4197.46328125 4197.46328125
10 9858.68046875 14056.14375
20 5664.63046875 19720.77421875
30 3.578125 19724.35234375
40 3.578125 19727.93046875
50 3.9359375 19731.86640625
60 3.2203125 19735.08671875
70 3.2203125 19738.30703125
80 3.2203125 19741.52734375
90 3.39921875 19744.9265625
100 3.39921875 19748.32578125
110 3.2203125 19751.54609375
120 1.43125 19752.97734375
130 0 19752.97734375
140 0 19752.97734375
150 1.0734375 19754.05078125
160 3.2203125 19757.27109375
170 3.9359375 19761.20703125
180 1.0734375 19762.28046875
190 0.715625 19762.99609375
200 0 19762.99609375
210 0 19762.99609375
220 0 19762.99609375
230 0 19762.99609375
240 0 19762.99609375
250 0 19762.99609375
260 0 19762.99609375
270 0 19762.99609375
280 0 19762.99609375
290 0 19762.99609375
300 0 19762.99609375
310 0 19762.99609375
320 0 19762.99609375
330 0 19762.99609375
340 0 19762.99609375
350 0 19762.99609375
360 0 19762.99609375
370 0 19762.99609375
380 0 19762.99609375
390 0 19762.99609375
400 0 19762.99609375
410 0 19762.99609375
420 0 19762.99609375
430 0 19762.99609375
440 0 19762.99609375
450 0 19762.99609375
460 0 19762.99609375
470 0 19762.99609375
480 0 19762.99609375
490 0 19762.99609375
500 0 19762.99609375
510 0 19762.99609375
520 0 19762.99609375
530 0 19762.99609375
540 0 19762.99609375
550 0 19762.99609375
560 0 19762.99609375
570 0 19762.99609375
580 0 19762.99609375
590 0 19762.99609375
600 0 19762.99609375
610 0 19762.99609375
620 0 19762.99609375
630 0 19762.99609375
640 0 19762.99609375
650 0 19762.99609375
660 0 19762.99609375
670 0 19762.99609375
680 0 19762.99609375
690 0 19762.99609375
700 0 19762.99609375
710 0 19762.99609375
720 0 19762.99609375
730 0 19762.99609375
740 0 19762.99609375
750 0 19762.99609375
760 0 19762.99609375
770 0 19762.99609375
780 0 19762.99609375
790 0 19762.99609375
800 0 19762.99609375
810 0 19762.99609375
820 0 19762.99609375
830 0 19762.99609375
840 0 19762.99609375
850 0 19762.99609375
860 0 19762.99609375
870 0 19762.99609375
880 0 19762.99609375
890 0 19762.99609375
900 0 19762.99609375
910 0 19762.99609375
920 0 19762.99609375
930 0 19762.99609375
940 0 19762.99609375
950 0 19762.99609375
960 0 19762.99609375
970 0 19762.99609375
980 0 19762.99609375
990 0 19762.99609375
1000 0 19762.99609375
1010 0 19762.99609375
1020 0 19762.99609375
1030 0 19762.99609375
1040 0 19762.99609375
1050 0 19762.99609375
1060 0 19762.99609375
1070 0 19762.99609375
1080 0 19762.99609375
1090 0 19762.99609375
1100 0 19762.99609375
1110 0 19762.99609375
1120 0 19762.99609375
1130 0 19762.99609375
1140 0 19762.99609375
1150 0 19762.99609375
1160 0 19762.99609375
1170 0 19762.99609375
1180 0 19762.99609375
1190 0 19762.99609375
1200 0 19762.99609375
1210 0 19762.99609375
1220 0 19762.99609375
1230 0 19762.99609375
1240 0 19762.99609375
1250 0 19762.99609375
1260 0 19762.99609375
1270 0 19762.99609375
1280 0 19762.99609375
1290 0 19762.99609375
1300 0 19762.99609375
1310 0 19762.99609375
1320 0 19762.99609375
1330 0 19762.99609375
1340 0 19762.99609375
1350 0 19762.99609375
1360 0 19762.99609375
1370 0 19762.99609375
1380 0 19762.99609375
1390 0 19762.99609375
1400 0 19762.99609375
1410 0 19762.99609375
1420 0 19762.99609375
1430 0 19762.99609375
1440 0 19762.99609375
1450 0 19762.99609375
1460 0 19762.99609375
1470 0 19762.99609375
1480 0 19762.99609375
1490 0 19762.99609375
1500 0 19762.99609375
1510 0 19762.99609375
1520 0 19762.99609375
1530 0 19762.99609375
1540 0 19762.99609375
1550 0 19762.99609375
1560 0 19762.99609375
1570 0 19762.99609375
1580 0 19762.99609375
1590 0 19762.99609375
1600 0 19762.99609375
1610 0 19762.99609375
1620 0 19762.99609375
1630 0 19762.99609375
1640 0 19762.99609375
1650 0 19762.99609375
1660 0 19762.99609375
1670 0 19762.99609375
1680 0 19762.99609375
1690 0 19762.99609375
1700 0 19762.99609375
1710 0 19762.99609375
1720 0 19762.99609375
1730 0 19762.99609375
1740 0 19762.99609375
1750 0 19762.99609375
1760 0 19762.99609375
1770 0 19762.99609375
1780 0 19762.99609375
1790 0 19762.99609375
1800 0 19762.99609375
1810 0 19762.99609375
1820 0 19762.99609375
1830 0 19762.99609375
1840 0 19762.99609375
1850 0 19762.99609375
1860 0 19762.99609375
1870 0 19762.99609375
1880 0 19762.99609375
1890 0 19762.99609375
1900 0 19762.99609375
1910 0 19762.99609375
1920 0 19762.99609375
1930 0 19762.99609375
1940 0 19762.99609375
1950 0 19762.99609375
1960 0 19762.99609375
1970 0 19762.99609375
1980 0 19762.99609375
1990 0 19762.99609375
2000 0 19762.99609375
2010 0 19762.99609375
2020 0 19762.99609375
2030 0 19762.99609375
2040 0 19762.99609375
2050 0 19762.99609375
2060 0 19762.99609375
2070 0 19762.99609375
2080 0 19762.99609375
2090 0 19762.99609375
2100 0 19762.99609375
2110 0 19762.99609375
2120 0 19762.99609375
2130 0 19762.99609375
2140 0 19762.99609375
2150 0 19762.99609375
2160 0 19762.99609375
2170 0 19762.99609375
2180 0 19762.99609375
2190 0 19762.99609375
2200 0 19762.99609375
2210 0 19762.99609375
2220 0 19762.99609375
2230 0 19762.99609375
2240 0 19762.99609375
2250 0 19762.99609375
2260 0 19762.99609375
2270 0 19762.99609375
2280 0 19762.99609375
2290 0 19762.99609375
2300 0 19762.99609375
2310 0 19762.99609375
2320 0 19762.99609375
2330 0 19762.99609375
2340 0 19762.99609375
2350 0 19762.99609375
2360 0 19762.99609375
2370 0 19762.99609375
2380 0 19762.99609375
2390 0 19762.99609375
2400 0 19762.99609375
2410 0 19762.99609375
2420 0 19762.99609375
2430 0 19762.99609375
2440 0 19762.99609375
2450 0 19762.99609375
2460 0 19762.99609375
2470 0 19762.99609375
2480 0 19762.99609375
2490 0 19762.99609375
2500 0 19762.99609375
2510 0 19762.99609375
2520 0 19762.99609375
2530 0 19762.99609375
2540 0 19762.99609375
2550 0 19762.99609375
2560 0 19762.99609375
2570 0 19762.99609375
2580 0 19762.99609375
2590 0 19762.99609375
2600 0 19762.99609375
2610 0 19762.99609375
2620 0 19762.99609375
2630 0 19762.99609375
2640 0 19762.99609375
2650 0 19762.99609375
2660 0 19762.99609375
2670 0 19762.99609375
2680 0 19762.99609375
2690 0 19762.99609375
2700 0 19762.99609375
2710 0 19762.99609375
2720 0 19762.99609375
2730 0 19762.99609375
2740 0 19762.99609375
2750 0 19762.99609375
2760 0 19762.99609375
2770 0 19762.99609375
2780 0 19762.99609375
2790 0 19762.99609375
2800 0 19762.99609375
2810 0 19762.99609375
