0 812.2 8122
10 936.8 17490
20 977.8 27268
30 1035.5 37623
40 941.9 47042
50 44.8 47490
60 0.9 47499
70 0 47499
80 0 47499
90 0 47499
100 0 47499
110 0 47499
120 0 47499
130 0 47499
140 0 47499
150 0 47499
160 0 47499
170 0 47499
180 0 47499
190 0 47499
200 0 47499
210 0 47499
220 0 47499
230 0 47499
240 0 47499
250 0 47499
260 0 47499
270 0 47499
280 0 47499
290 0 47499
300 0 47499
310 0 47499
320 0 47499
330 0 47499
340 0 47499
350 0 47499
360 0 47499
370 0 47499
380 0 47499
390 0 47499
400 0 47499
410 0 47499
420 0 47499
430 0 47499
440 0 47499
450 0 47499
460 0 47499
470 0 47499
480 0 47499
490 0 47499
500 0 47499
510 0 47499
520 0 47499
530 0 47499
540 0 47499
550 0 47499
560 0 47499
570 0 47499
580 0 47499
590 0 47499
600 0 47499
610 0 47499
620 0 47499
630 0 47499
640 0 47499
650 0 47499
660 0 47499
670 0 47499
680 0 47499
690 0 47499
700 0 47499
710 0 47499
720 0 47499
730 0 47499
740 0 47499
750 0 47499
760 0 47499
770 0 47499
780 0 47499
790 0 47499
800 0 47499
810 0 47499
820 0 47499
830 0 47499
840 0 47499
850 0 47499
860 0 47499
870 0 47499
880 0 47499
890 0 47499
900 0 47499
910 0 47499
920 0 47499
930 0 47499
940 0 47499
950 0 47499
960 0 47499
970 0 47499
980 0 47499
990 0 47499
1000 0 47499
1010 0 47499
1020 0 47499
1030 0 47499
1040 0 47499
1050 0 47499
1060 0 47499
1070 0 47499
1080 0 47499
1090 0 47499
1100 0 47499
1110 0 47499
1120 0 47499
1130 0 47499
1140 0 47499
1150 0 47499
1160 0 47499
1170 0 47499
1180 0 47499
1190 0 47499
1200 0 47499
1210 0 47499
1220 0 47499
1230 0 47499
1240 0 47499
1250 0 47499
1260 0 47499
1270 0 47499
1280 0 47499
1290 0 47499
1300 0 47499
1310 0 47499
1320 0 47499
1330 0 47499
1340 0 47499
1350 0 47499
1360 0 47499
1370 0 47499
1380 0 47499
1390 0 47499
1400 0 47499
1410 0 47499
1420 0 47499
1430 0 47499
1440 0 47499
1450 0 47499
1460 0 47499
1470 0 47499
1480 0 47499
1490 0 47499
1500 0 47499
1510 0 47499
1520 0 47499
1530 0 47499
1540 0 47499
1550 0 47499
1560 0 47499
1570 0 47499
1580 0 47499
1590 0 47499
1600 0 47499
1610 0 47499
1620 0 47499
1630 0 47499
1640 0 47499
1650 0 47499
1660 0 47499
1670 0 47499
1680 0 47499
1690 0 47499
1700 0 47499
1710 0 47499
1720 0 47499
1730 0 47499
1740 0 47499
1750 0 47499
1760 0 47499
1770 0 47499
1780 0 47499
1790 0 47499
1800 0 47499
1810 0 47499
1820 0 47499
1830 0 47499
1840 0 47499
1850 0 47499
1860 0 47499
1870 0 47499
1880 0 47499
1890 0 47499
1900 0 47499
1910 0 47499
1920 0 47499
1930 0 47499
1940 0 47499
1950 0 47499
1960 0 47499
1970 0 47499
1980 0 47499
1990 0 47499
2000 0 47499
2010 0 47499
2020 0 47499
2030 0 47499
2040 0 47499
2050 0 47499
2060 0 47499
2070 0 47499
2080 0 47499
2090 0 47499
2100 0 47499
2110 0 47499
2120 0 47499
2130 0 47499
2140 0 47499
2150 0 47499
2160 0 47499
2170 0 47499
2180 0 47499
2190 0 47499
2200 0 47499
2210 0 47499
2220 0 47499
2230 0 47499
2240 0 47499
2250 0 47499
2260 0 47499
2270 0 47499
2280 0 47499
2290 0 47499
2300 0 47499
2310 0 47499
2320 0 47499
2330 0 47499
2340 0 47499
2350 0 47499
2360 0 47499
2370 0 47499
2380 0 47499
2390 0 47499
2400 0 47499
2410 0 47499
2420 0 47499
2430 0 47499
2440 0 47499
2450 0 47499
2460 0 47499
2470 0 47499
2480 0 47499
2490 0 47499
2500 0 47499
2510 0 47499
2520 0 47499
2530 0 47499
2540 0 47499
2550 0 47499
2560 0 47499
2570 0 47499
2580 0 47499
2590 0 47499
2600 0 47499
2610 0 47499
2620 0 47499
2630 0 47499
2640 0 47499
2650 0 47499
2660 0 47499
2670 0 47499
2680 0 47499
2690 0 47499
2700 0 47499
2710 0 47499
2720 0 47499
2730 0 47499
2740 0 47499
2750 0 47499
2760 0 47499
2770 0 47499
2780 0 47499
2790 0 47499
2800 0 47499
2810 0 47499
