0 8122 8122
10 17490 17490
20 27268 27268
30 37571 37571
40 46970 46970
50 47401 47401
60 47391 47407
70 47371 47407
80 47351 47407
90 47345 47407
100 47327 47407
110 47300 47407
120 47281 47407
130 47276 47407
140 47275 47407
150 47273 47407
160 47273 47407
170 47266 47407
180 47007 47407
190 45978 47407
200 45978 47407
210 45978 47407
220 45978 47407
230 45978 47407
240 45978 47407
250 45978 47407
260 45978 47407
270 45978 47407
280 45978 47407
290 45978 47407
300 45978 47407
310 45978 47407
320 45978 47407
330 45978 47407
340 45978 47407
350 45978 47407
360 45978 47407
370 45978 47407
380 45978 47407
390 45978 47407
400 45978 47407
410 45978 47407
420 45978 47407
430 45978 47407
440 45978 47407
450 45978 47407
460 45978 47407
470 45978 47407
480 45978 47407
490 45978 47407
500 45978 47407
510 45978 47407
520 45978 47407
530 45978 47407
540 45978 47407
550 45978 47407
560 45978 47407
570 45978 47407
580 45978 47407
590 45978 47407
600 45978 47407
610 45978 47407
620 45978 47407
630 45978 47407
640 45978 47407
650 45978 47407
660 45978 47407
670 45978 47407
680 45978 47407
690 45978 47407
700 45978 47407
710 45978 47407
720 45978 47407
730 45978 47407
740 45978 47407
750 45978 47407
760 45978 47407
770 45978 47407
780 45978 47407
790 45978 47407
800 45978 47407
810 45978 47407
820 45978 47407
830 45978 47407
840 45978 47407
850 45978 47407
860 45978 47407
870 45978 47407
880 45978 47407
890 45978 47407
900 45978 47407
910 45978 47407
920 45978 47407
930 45978 47407
940 45978 47407
950 45978 47407
960 45978 47407
970 45978 47407
980 45978 47407
990 45978 47407
1000 45978 47407
1010 45978 47407
1020 45978 47407
1030 45978 47407
1040 45978 47407
1050 45978 47407
1060 45978 47407
1070 45978 47407
1080 45978 47407
1090 45978 47407
1100 45978 47407
1110 45978 47407
1120 45978 47407
1130 45978 47407
1140 45978 47407
1150 45978 47407
1160 45978 47407
1170 45978 47407
1180 45978 47407
1190 45978 47407
1200 45978 47407
1210 45978 47407
1220 45978 47407
1230 45978 47407
1240 45978 47407
1250 45978 47407
1260 45978 47407
1270 45978 47407
1280 45978 47407
1290 45978 47407
1300 45978 47407
1310 45978 47407
1320 45978 47407
1330 45978 47407
1340 45978 47407
1350 45978 47407
1360 45978 47407
1370 45978 47407
1380 45978 47407
1390 45978 47407
1400 45978 47407
1410 45978 47407
1420 45978 47407
1430 45978 47407
1440 45978 47407
1450 45978 47407
1460 45978 47407
1470 45978 47407
1480 45978 47407
1490 45978 47407
1500 45978 47407
1510 45978 47407
1520 45978 47407
1530 45978 47407
1540 45978 47407
1550 45978 47407
1560 45978 47407
1570 45978 47407
1580 45978 47407
1590 45978 47407
1600 45978 47407
1610 45978 47407
1620 45978 47407
1630 45978 47407
1640 45978 47407
1650 45978 47407
1660 45978 47407
1670 45978 47407
1680 45978 47407
1690 45978 47407
1700 45978 47407
1710 45978 47407
1720 45978 47407
1730 45978 47407
1740 45978 47407
1750 45978 47407
1760 45978 47407
1770 45978 47407
1780 45978 47407
1790 45978 47407
1800 45978 47407
1810 45978 47407
1820 45978 47407
1830 45978 47407
1840 45978 47407
1850 45978 47407
1860 45978 47407
1870 45978 47407
1880 45978 47407
1890 45978 47407
1900 45978 47407
1910 45978 47407
1920 45978 47407
1930 45978 47407
1940 45978 47407
1950 45978 47407
1960 45978 47407
1970 45978 47407
1980 45978 47407
1990 45978 47407
2000 45978 47407
2010 45978 47407
2020 45978 47407
2030 45978 47407
2040 45978 47407
2050 45978 47407
2060 45978 47407
2070 45978 47407
2080 45978 47407
2090 45978 47407
2100 45978 47407
2110 45978 47407
2120 45978 47407
2130 45978 47407
2140 45978 47407
2150 45978 47407
2160 45978 47407
2170 45978 47407
2180 45978 47407
2190 45978 47407
2200 45978 47407
2210 45978 47407
2220 45978 47407
2230 45978 47407
2240 45978 47407
2250 45978 47407
2260 45978 47407
2270 45978 47407
2280 45978 47407
2290 45978 47407
2300 45978 47407
2310 45978 47407
2320 45978 47407
2330 45978 47407
2340 45978 47407
2350 45978 47407
2360 45978 47407
2370 45978 47407
2380 45978 47407
2390 45978 47407
2400 45978 47407
2410 45978 47407
2420 45978 47407
2430 45978 47407
2440 45978 47407
2450 45978 47407
2460 45978 47407
2470 45978 47407
2480 45978 47407
2490 45978 47407
2500 45978 47407
2510 45978 47407
2520 45978 47407
2530 45978 47407
2540 45978 47407
2550 45978 47407
2560 45978 47407
2570 45978 47407
2580 45978 47407
2590 45978 47407
2600 45978 47407
2610 45978 47407
2620 45978 47407
2630 45978 47407
2640 45978 47407
2650 45978 47407
2660 45978 47407
2670 45978 47407
2680 45978 47407
2690 45978 47407
2700 45978 47407
2710 45978 47407
2720 45978 47407
2730 45978 47407
2740 45978 47407
2750 45978 47407
2760 45978 47407
2770 45978 47407
2780 45978 47407
2790 45978 47407
2800 45978 47407
2810 45978 47407
