0 810.7 8107
10 872 16827
20 274.6 19573
30 0 19573
40 0 19573
50 0 19573
60 0 19573
70 0 19573
80 0 19573
90 0 19573
100 0 19573
110 0 19573
120 0 19573
130 0 19573
140 0 19573
150 0 19573
160 0 19573
170 0 19573
180 0 19573
190 0 19573
200 0 19573
210 0 19573
220 0 19573
230 0 19573
240 0 19573
250 0 19573
260 0 19573
270 0 19573
280 0 19573
290 0 19573
300 0 19573
310 0 19573
320 0 19573
330 0 19573
340 0 19573
350 0 19573
360 0 19573
370 0 19573
380 0 19573
390 0 19573
400 0 19573
410 0 19573
420 0 19573
430 0 19573
440 0 19573
450 0 19573
460 0 19573
470 0 19573
480 0 19573
490 0 19573
500 0 19573
510 0 19573
520 0 19573
530 0 19573
540 0 19573
550 0 19573
560 0 19573
570 0 19573
580 0 19573
590 0 19573
600 0 19573
610 0 19573
620 0 19573
630 0 19573
640 0 19573
650 0 19573
660 0 19573
670 0 19573
680 0 19573
690 0 19573
700 0 19573
710 0 19573
720 0 19573
730 0 19573
740 0 19573
750 0 19573
760 0 19573
770 0 19573
780 0 19573
790 0 19573
800 0 19573
810 0 19573
820 0 19573
830 0 19573
840 0 19573
850 0 19573
860 0 19573
870 0 19573
880 0 19573
890 0 19573
900 0 19573
910 0 19573
920 0 19573
930 0 19573
940 0 19573
950 0 19573
960 0 19573
970 0 19573
980 0 19573
990 0 19573
1000 0 19573
1010 0 19573
1020 0 19573
1030 0 19573
1040 0 19573
1050 0 19573
1060 0 19573
1070 0 19573
1080 0 19573
1090 0 19573
1100 0 19573
1110 0 19573
1120 0 19573
1130 0 19573
1140 0 19573
1150 0 19573
1160 0 19573
1170 0 19573
1180 0 19573
1190 0 19573
1200 0 19573
1210 0 19573
1220 0 19573
1230 0 19573
1240 0 19573
1250 0 19573
1260 0 19573
1270 0 19573
1280 0 19573
1290 0 19573
1300 0 19573
1310 0 19573
1320 0 19573
1330 0 19573
1340 0 19573
1350 0 19573
1360 0 19573
1370 0 19573
1380 0 19573
1390 0 19573
1400 0 19573
1410 0 19573
1420 0 19573
1430 0 19573
1440 0 19573
1450 0 19573
1460 0 19573
1470 0 19573
1480 0 19573
1490 0 19573
1500 0 19573
1510 0 19573
1520 0 19573
1530 0 19573
1540 0 19573
1550 0 19573
1560 0 19573
1570 0 19573
1580 0 19573
1590 0 19573
1600 0 19573
1610 0 19573
1620 0 19573
1630 0 19573
1640 0 19573
1650 0 19573
1660 0 19573
1670 0 19573
1680 0 19573
1690 0 19573
1700 0 19573
1710 0 19573
1720 0 19573
1730 0 19573
1740 0 19573
1750 0 19573
1760 0 19573
1770 0 19573
1780 0 19573
1790 0 19573
1800 0 19573
1810 0 19573
1820 0 19573
1830 0 19573
1840 0 19573
1850 0 19573
1860 0 19573
1870 0 19573
1880 0 19573
1890 0 19573
1900 0 19573
1910 0 19573
1920 0 19573
1930 0 19573
1940 0 19573
1950 0 19573
1960 0 19573
1970 0 19573
1980 0 19573
1990 0 19573
2000 0 19573
2010 0 19573
2020 0 19573
2030 0 19573
2040 0 19573
2050 0 19573
2060 0 19573
2070 0 19573
2080 0 19573
2090 0 19573
2100 0 19573
2110 0 19573
2120 0 19573
2130 0 19573
2140 0 19573
2150 0 19573
2160 0 19573
2170 0 19573
2180 0 19573
2190 0 19573
2200 0 19573
2210 0 19573
2220 0 19573
2230 0 19573
2240 0 19573
2250 0 19573
2260 0 19573
2270 0 19573
2280 0 19573
2290 0 19573
2300 0 19573
2310 0 19573
2320 0 19573
2330 0 19573
2340 0 19573
2350 0 19573
2360 0 19573
2370 0 19573
2380 0 19573
2390 0 19573
2400 0 19573
2410 0 19573
2420 0 19573
2430 0 19573
2440 0 19573
2450 0 19573
2460 0 19573
2470 0 19573
2480 0 19573
2490 0 19573
2500 0 19573
2510 0 19573
2520 0 19573
2530 0 19573
2540 0 19573
2550 0 19573
2560 0 19573
2570 0 19573
2580 0 19573
2590 0 19573
2600 0 19573
2610 0 19573
2620 0 19573
2630 0 19573
2640 0 19573
2650 0 19573
2660 0 19573
2670 0 19573
2680 0 19573
2690 0 19573
2700 0 19573
2710 0 19573
2720 0 19573
2730 0 19573
2740 0 19573
2750 0 19573
2760 0 19573
2770 0 19573
2780 0 19573
2790 0 19573
2800 0 19573
2810 0 19573
